1606112592	0.000000	-0.578087	-0.165916	-0.367356	-0.000027	0.022701
1606112592	0.000000	-0.578115	-0.165899	-0.367271	-0.000072	0.022645
1606112592	0.000000	-0.578133	-0.165931	-0.367314	-0.000014	0.022638
1606112592	0.000000	-0.578120	-0.165913	-0.367204	0.000141	0.022599
1606112592	0.000000	-0.578122	-0.165882	-0.367250	-0.000037	0.022678
1606112592	0.000000	-0.578117	-0.165914	-0.367224	0.000004	0.022574
1606112592	0.000000	-0.578171	-0.165948	-0.367289	0.000001	0.022610
1606112592	0.000000	-0.578111	-0.165944	-0.367235	-0.000111	0.022604
1606112592	0.000000	-0.578134	-0.165907	-0.367275	-0.000050	0.022599
1606112592	0.000000	-0.578126	-0.165910	-0.367173	-0.000134	0.022648
1606112592	0.000000	-0.578082	-0.165887	-0.367371	-0.000182	0.022729
1606112592	0.000000	-0.578114	-0.165886	-0.367305	-0.000106	0.022620
1606112592	0.000000	-0.578122	-0.165925	-0.367215	-0.000025	0.022629
1606112592	0.000000	-0.578134	-0.165920	-0.367332	0.000009	0.022634
1606112592	0.000000	-0.578130	-0.165876	-0.367261	-0.000073	0.022583
1606112592	0.000000	-0.578145	-0.165983	-0.367260	0.000062	0.022623
1606112592	0.000000	-0.578115	-0.165848	-0.367262	-0.000217	0.022696
1606112592	0.000000	-0.578153	-0.165920	-0.367285	-0.000026	0.022535
1606112592	0.000000	-0.578175	-0.165927	-0.367338	-0.000086	0.022510
1606112592	0.000000	-0.578128	-0.165930	-0.367343	-0.000002	0.022613
1606112592	0.000000	-0.578086	-0.165890	-0.367220	-0.000200	0.022724
1606112592	0.000000	-0.578161	-0.165876	-0.367231	-0.000141	0.022601
1606112592	0.000000	-0.578127	-0.165926	-0.367352	-0.000030	0.022651
1606112592	0.000000	-0.578142	-0.165926	-0.367328	-0.000095	0.022659
1606112592	0.000000	-0.578167	-0.165935	-0.367445	0.000035	0.022516
1606112592	0.000000	-0.578135	-0.165887	-0.367333	-0.000099	0.022597
1606112592	0.000000	-0.578102	-0.165940	-0.367373	-0.000078	0.022653
1606112592	0.000000	-0.578166	-0.165944	-0.367346	-0.000059	0.022579
1606112593	0.000000	-0.578089	-0.165892	-0.367344	-0.000121	0.022643
1606112593	0.000000	-0.578093	-0.165865	-0.367251	-0.000202	0.022619
1606112593	0.000000	-0.578164	-0.165934	-0.367420	-0.000046	0.022567
1606112593	0.000000	-0.578171	-0.165929	-0.367224	-0.000054	0.022645
1606112593	0.000000	-0.578189	-0.165931	-0.367341	-0.000078	0.022564
1606112593	0.000000	-0.578140	-0.165879	-0.367218	-0.000176	0.022608
1606112593	0.000000	-0.578158	-0.165889	-0.367284	-0.000101	0.022663
1606112593	0.000000	-0.578165	-0.165915	-0.367307	-0.000050	0.022583
1606112593	0.000000	-0.578132	-0.165903	-0.367267	-0.000044	0.022684
1606112593	0.000000	-0.578132	-0.165965	-0.367358	0.000038	0.022633
1606112593	0.000000	-0.578104	-0.165902	-0.367323	-0.000094	0.022619
1606112593	0.000000	-0.578132	-0.165884	-0.367242	-0.000006	0.022584
1606112593	0.000000	-0.578138	-0.165934	-0.367372	-0.000055	0.022640
1606112593	0.000000	-0.578168	-0.165931	-0.367430	-0.000107	0.022521
1606112593	0.000000	-0.578165	-0.165867	-0.367407	-0.000148	0.022521
1606112593	0.000000	-0.578133	-0.165874	-0.367332	-0.000069	0.022654
1606112593	0.000000	-0.578130	-0.165917	-0.367304	0.000017	0.022560
1606112593	0.000000	-0.578126	-0.165873	-0.367402	-0.000168	0.022606
1606112593	0.000000	-0.578186	-0.165862	-0.367185	-0.000075	0.022566
1606112593	0.000000	-0.578157	-0.165930	-0.367374	-0.000025	0.022572
1606112593	0.000000	-0.578145	-0.165922	-0.367372	-0.000127	0.022602
1606112593	0.000000	-0.578110	-0.165863	-0.367358	-0.000219	0.022697
1606112593	0.000000	-0.578129	-0.165900	-0.367283	-0.000117	0.022685
1606112593	0.000000	-0.578129	-0.165858	-0.367264	-0.000203	0.022685
1606112593	0.000000	-0.578090	-0.165857	-0.367182	-0.000175	0.022749
1606112593	0.000000	-0.578077	-0.165883	-0.367296	0.000011	0.022654
1606112593	0.000000	-0.578115	-0.165894	-0.367332	-0.000131	0.022686
1606112593	0.000000	-0.578090	-0.165950	-0.367465	0.000011	0.022577
1606112593	0.000000	-0.578107	-0.165934	-0.367388	0.000006	0.022531
1606112593	0.000000	-0.578155	-0.165946	-0.367207	0.000085	0.022535
1606112593	0.000000	-0.578152	-0.165943	-0.367344	0.000042	0.022593
1606112593	0.000000	-0.578081	-0.165899	-0.367301	-0.000047	0.022605
1606112593	0.000000	-0.578132	-0.165905	-0.367284	-0.000077	0.022550
1606112593	0.000000	-0.578076	-0.165879	-0.367326	-0.000046	0.022691
1606112593	0.000000	-0.578114	-0.165931	-0.367233	-0.000055	0.022635
1606112594	0.000000	-0.578098	-0.165939	-0.367245	-0.000058	0.022661
1606112594	0.000000	-0.578116	-0.165848	-0.367361	-0.000197	0.022656
1606112594	0.000000	-0.578138	-0.165975	-0.367407	0.000118	0.022569
1606112594	0.000000	-0.578080	-0.165904	-0.367293	-0.000066	0.022657
1606112594	0.000000	-0.578085	-0.165902	-0.367319	-0.000076	0.022674
1606112594	0.000000	-0.578135	-0.165934	-0.367218	-0.000090	0.022611
1606112594	0.000000	-0.578095	-0.165909	-0.367281	-0.000130	0.022689
1606112594	0.000000	-0.578118	-0.165942	-0.367337	0.000003	0.022601
1606112594	0.000000	-0.578154	-0.165890	-0.367249	-0.000152	0.022604
1606112594	0.000000	-0.578166	-0.165869	-0.367329	-0.000127	0.022599
1606112594	0.000000	-0.578149	-0.165875	-0.367320	-0.000060	0.022595
1606112594	0.000000	-0.578158	-0.165912	-0.367328	-0.000116	0.022591
1606112594	0.000000	-0.578109	-0.165921	-0.367379	-0.000007	0.022575
1606112594	0.000000	-0.578080	-0.165906	-0.367286	-0.000068	0.022696
1606112594	0.000000	-0.578124	-0.165872	-0.367246	-0.000089	0.022656
1606112594	0.000000	-0.578131	-0.165920	-0.367280	0.000015	0.022549
1606112594	0.000000	-0.578154	-0.165829	-0.367387	-0.000108	0.022615
1606112594	0.000000	-0.578118	-0.165871	-0.367302	-0.000161	0.022661
1606112594	0.000000	-0.578134	-0.165910	-0.367259	-0.000030	0.022653
1606112594	0.000000	-0.578145	-0.165915	-0.367251	-0.000167	0.022525
1606112594	0.000000	-0.578150	-0.165926	-0.367278	-0.000101	0.022595
1606112594	0.000000	-0.578126	-0.165918	-0.367215	-0.000078	0.022679
1606112594	0.000000	-0.578123	-0.165880	-0.367253	-0.000143	0.022626
1606112594	0.000000	-0.578076	-0.165865	-0.367369	-0.000184	0.022760
1606112594	0.000000	-0.578130	-0.165921	-0.367402	-0.000056	0.022627
1606112594	0.000000	-0.578157	-0.165936	-0.367318	-0.000064	0.022547
1606112594	0.000000	-0.578165	-0.165916	-0.367309	-0.000142	0.022512
1606112594	0.000000	-0.578149	-0.165889	-0.367118	-0.000056	0.022631
1606112594	0.000000	-0.578123	-0.165939	-0.367299	-0.000054	0.022544
1606112594	0.000000	-0.578139	-0.165881	-0.367356	-0.000129	0.022552
1606112594	0.000000	-0.578150	-0.165883	-0.367307	-0.000173	0.022596
1606112594	0.000000	-0.578165	-0.165921	-0.367298	-0.000028	0.022646
1606112594	0.000000	-0.578094	-0.165865	-0.367194	-0.000100	0.022712
1606112594	0.000000	-0.578133	-0.165902	-0.367312	-0.000090	0.022642
1606112594	0.000000	-0.578100	-0.165879	-0.367285	-0.000169	0.022761
1606112594	0.000000	-0.578106	-0.165877	-0.367240	-0.000040	0.022613
1606112595	0.000000	-0.578130	-0.165927	-0.367313	-0.000047	0.022730
1606112595	0.000000	-0.578145	-0.165904	-0.367258	0.000074	0.022616
1606112595	0.000000	-0.578120	-0.165931	-0.367301	0.000032	0.022583
1606112595	0.000000	-0.578127	-0.165980	-0.367320	0.000003	0.022606
1606112595	0.000000	-0.578127	-0.165925	-0.367274	-0.000048	0.022615
1606112595	0.000000	-0.578140	-0.165888	-0.367314	-0.000141	0.022624
1606112595	0.000000	-0.578099	-0.165915	-0.367279	-0.000110	0.022775
1606112595	0.000000	-0.578139	-0.165903	-0.367449	0.000007	0.022522
1606112595	0.000000	-0.578127	-0.165888	-0.367386	-0.000097	0.022622
1606112595	0.000000	-0.578114	-0.165937	-0.367353	-0.000022	0.022689
1606112595	0.000000	-0.578095	-0.165884	-0.367397	-0.000152	0.022661
1606112595	0.000000	-0.578097	-0.165910	-0.367300	-0.000182	0.022655
1606112595	0.000000	-0.578171	-0.165988	-0.367299	0.000024	0.022531
1606112595	0.000000	-0.578101	-0.165899	-0.367248	-0.000138	0.022648
1606112595	0.000000	-0.578122	-0.165892	-0.367156	-0.000122	0.022675
1606112595	0.000000	-0.578146	-0.165861	-0.367280	-0.000184	0.022555
1606112595	0.000000	-0.578122	-0.165946	-0.367196	-0.000064	0.022625
1606112595	0.000000	-0.578127	-0.165885	-0.367184	-0.000102	0.022542
1606112595	0.000000	-0.578115	-0.165938	-0.367255	-0.000093	0.022685
1606112595	0.000000	-0.578093	-0.165886	-0.367242	-0.000067	0.022682
1606112595	0.000000	-0.578123	-0.165914	-0.367313	-0.000129	0.022631
1606112595	0.000000	-0.578148	-0.165949	-0.367258	0.000030	0.022633
1606112595	0.000000	-0.578153	-0.165881	-0.367224	-0.000157	0.022591
1606112595	0.000000	-0.578162	-0.165909	-0.367248	-0.000077	0.022456
1606112595	0.000000	-0.578092	-0.165846	-0.367400	-0.000207	0.022664
1606112595	0.000000	-0.578110	-0.165947	-0.367275	-0.000020	0.022631
1606112595	0.000000	-0.578196	-0.165942	-0.367295	-0.000090	0.022518
1606112595	0.000000	-0.578127	-0.165888	-0.367311	-0.000120	0.022632
1606112595	0.000000	-0.578120	-0.165973	-0.367406	0.000079	0.022524
1606112595	0.000000	-0.578170	-0.165841	-0.367317	-0.000209	0.022534
1606112595	0.000000	-0.578132	-0.165912	-0.367259	-0.000084	0.022662
1606112595	0.000000	-0.578145	-0.165936	-0.367180	0.000025	0.022667
1606112595	0.000000	-0.578161	-0.165960	-0.367344	-0.000070	0.022591
1606112595	0.000000	-0.578148	-0.165933	-0.367343	-0.000088	0.022582
1606112596	0.000000	-0.578125	-0.165936	-0.367331	-0.000018	0.022568
1606112596	0.000000	-0.578129	-0.165915	-0.367333	-0.000021	0.022644
1606112596	0.000000	-0.578121	-0.165941	-0.367322	-0.000069	0.022592
1606112596	0.000000	-0.578117	-0.165973	-0.367383	0.000054	0.022619
1606112596	0.000000	-0.578074	-0.165907	-0.367247	-0.000015	0.022635
1606112596	0.000000	-0.578160	-0.165883	-0.367333	0.000040	0.022534
1606112596	0.000000	-0.578143	-0.165948	-0.367398	-0.000076	0.022647
1606112596	0.000000	-0.578131	-0.165883	-0.367269	-0.000197	0.022588
1606112596	0.000000	-0.578176	-0.165874	-0.367345	-0.000106	0.022569
1606112596	0.000000	-0.578147	-0.165917	-0.367351	-0.000088	0.022636
1606112596	0.000000	-0.578136	-0.165862	-0.367159	-0.000240	0.022643
1606112596	0.000000	-0.578147	-0.165876	-0.367453	0.000008	0.022653
1606112596	0.000000	-0.578095	-0.165894	-0.367363	-0.000044	0.022734
1606112596	0.000000	-0.578079	-0.165904	-0.367138	-0.000119	0.022830
1606112596	0.000000	-0.578096	-0.165918	-0.367327	0.000068	0.022821
1606112596	0.000000	-0.578086	-0.165854	-0.367292	-0.000064	0.022776
1606112596	0.000000	-0.578128	-0.165872	-0.367168	-0.000103	0.022677
1606112596	0.000000	-0.578090	-0.165925	-0.367196	-0.000123	0.022779
1606112596	0.000000	-0.578080	-0.165932	-0.367322	-0.000067	0.022821
1606112596	0.000000	-0.578095	-0.165919	-0.367339	0.000075	0.022721
1606112596	0.000000	-0.578159	-0.165964	-0.367339	-0.000023	0.022600
1606112596	0.000000	-0.578141	-0.165878	-0.367286	-0.000114	0.022635
1606112596	0.000000	-0.578273	-0.165908	-0.367429	0.000254	0.022417
1606112596	0.000000	-0.578779	-0.165668	-0.367495	0.000341	0.019968
1606112596	0.000000	-0.580688	-0.165405	-0.366400	-0.000659	0.005873
1606112596	0.000000	-0.582841	-0.164000	-0.367327	-0.013886	-0.006060
1606112596	0.000000	-0.586251	-0.162451	-0.368306	-0.033373	-0.021320
1606112596	0.000000	-0.588240	-0.161842	-0.369240	-0.040969	-0.024254
1606112596	0.000000	-0.592659	-0.160171	-0.370458	-0.050939	-0.018172
1606112596	0.000000	-0.597944	-0.157994	-0.371517	-0.061131	0.002134
1606112596	0.000000	-0.603438	-0.155941	-0.375210	-0.077122	0.025111
1606112596	0.000000	-0.606116	-0.155883	-0.375387	-0.082222	0.034875
1606112596	0.000000	-0.609719	-0.155198	-0.375098	-0.080667	0.054958
1606112596	0.000000	-0.611051	-0.154181	-0.375647	-0.062746	0.067070
1606112596	0.000000	-0.610433	-0.155157	-0.369614	-0.040972	0.066844
1606112597	0.000000	-0.608357	-0.155649	-0.367640	-0.033464	0.065192
1606112597	0.000000	-0.602667	-0.157926	-0.366871	-0.029250	0.062612
1606112597	0.000000	-0.596925	-0.160610	-0.367895	-0.034389	0.066392
1606112597	0.000000	-0.594367	-0.161622	-0.369347	-0.034601	0.074368
1606112597	0.000000	-0.592250	-0.163019	-0.369236	-0.026974	0.104092
1606112597	0.000000	-0.594464	-0.161858	-0.367804	-0.006577	0.136083
1606112597	0.000000	-0.596535	-0.159920	-0.365985	0.006591	0.150499
1606112597	0.000000	-0.601986	-0.155553	-0.365970	0.028813	0.163620
1606112597	0.000000	-0.608728	-0.152149	-0.359575	0.045622	0.158190
1606112597	0.000000	-0.618202	-0.154766	-0.324535	0.052152	0.147658
1606112597	0.000000	-0.627015	-0.152110	-0.312501	0.056477	0.117893
1606112597	0.000000	-0.628677	-0.148626	-0.315803	0.053160	0.098596
1606112597	0.000000	-0.626453	-0.147556	-0.331763	0.043968	0.058307
1606112597	0.000000	-0.626650	-0.147817	-0.330139	0.036903	0.038475
1606112597	0.000000	-0.627158	-0.147040	-0.327118	0.010580	-0.002109
1606112597	0.000000	-0.623208	-0.150414	-0.327546	-0.004561	0.003447
1606112597	0.000000	-0.621682	-0.151274	-0.329529	-0.009945	0.013724
1606112597	0.000000	-0.620010	-0.150756	-0.329917	-0.017739	0.056740
1606112597	0.000000	-0.620622	-0.151534	-0.330998	-0.017358	0.107814
1606112597	0.000000	-0.620791	-0.151774	-0.332445	-0.015500	0.128908
1606112597	0.000000	-0.622167	-0.152165	-0.334329	-0.006975	0.153149
1606112597	0.000000	-0.623533	-0.151372	-0.336244	0.006791	0.156977
1606112597	0.000000	-0.626226	-0.151603	-0.327610	0.024958	0.141105
1606112597	0.000000	-0.626053	-0.150025	-0.331987	0.034379	0.129413
1606112597	0.000000	-0.627162	-0.148101	-0.332700	0.051842	0.101010
1606112597	0.000000	-0.628928	-0.144872	-0.329645	0.068017	0.071437
1606112597	0.000000	-0.630792	-0.142411	-0.323996	0.073516	0.050045
1606112597	0.000000	-0.628069	-0.141674	-0.325678	0.069231	0.040955
1606112597	0.000000	-0.626213	-0.142247	-0.325445	0.055628	0.043913
1606112597	0.000000	-0.622746	-0.143593	-0.326801	0.041625	0.058626
1606112597	0.000000	-0.621153	-0.144349	-0.329106	0.036882	0.070416
1606112597	0.000000	-0.620427	-0.143915	-0.329042	0.032612	0.101281
1606112597	0.000000	-0.620654	-0.144554	-0.329856	0.034701	0.117243
1606112597	0.000000	-0.622486	-0.145600	-0.331841	0.042000	0.140907
1606112597	0.000000	-0.623287	-0.145379	-0.331499	0.044703	0.146813
1606112598	0.000000	-0.625284	-0.144627	-0.330760	0.050570	0.146330
1606112598	0.000000	-0.627116	-0.142761	-0.329921	0.052819	0.139613
1606112598	0.000000	-0.628211	-0.140092	-0.329715	0.054889	0.117414
1606112598	0.000000	-0.629011	-0.137100	-0.330429	0.051865	0.104645
1606112598	0.000000	-0.630738	-0.131287	-0.330209	0.049225	0.082951
1606112598	0.000000	-0.632074	-0.124417	-0.329129	0.053165	0.068933
1606112598	0.000000	-0.633581	-0.115719	-0.327976	0.067680	0.062509
1606112598	0.000000	-0.636006	-0.114148	-0.322260	0.076833	0.061724
1606112598	0.000000	-0.635790	-0.102226	-0.323330	0.094095	0.070162
1606112598	0.000000	-0.637209	-0.099268	-0.323861	0.102946	0.077227
1606112598	0.000000	-0.639696	-0.097609	-0.319417	0.120131	0.096119
1606112598	0.000000	-0.653511	-0.086089	-0.309758	0.125394	0.102981
1606112598	0.000000	-0.650556	-0.083041	-0.318645	0.139306	0.119339
1606112598	0.000000	-0.651089	-0.077738	-0.316727	0.144830	0.127157
1606112598	0.000000	-0.646624	-0.086302	-0.317635	0.152164	0.140385
1606112598	0.000000	-0.652041	-0.094739	-0.304729	0.151235	0.141911
1606112598	0.000000	-0.657502	-0.104234	-0.307895	0.137923	0.141072
1606112598	0.000000	-0.646495	-0.135959	-0.306146	0.117192	0.134836
1606112598	0.000000	-0.651006	-0.143028	-0.305239	0.102995	0.126932
1606112598	0.000000	-0.641906	-0.157984	-0.305611	0.073844	0.116685
1606112598	0.000000	-0.636237	-0.154387	-0.314081	0.058252	0.114818
1606112598	0.000000	-0.627179	-0.146451	-0.306695	0.030531	0.119435
1606112598	0.000000	-0.611951	-0.145790	-0.290523	0.017421	0.130919
1606112598	0.000000	-0.611689	-0.146837	-0.294874	-0.001676	0.157725
1606112598	0.000000	-0.611875	-0.145941	-0.293158	-0.007166	0.166751
1606112598	0.000000	-0.611169	-0.147951	-0.303457	-0.009442	0.172769
1606112598	0.000000	-0.607753	-0.152395	-0.327107	-0.005859	0.180448
1606112598	0.000000	-0.605597	-0.156226	-0.351346	0.001027	0.186553
1606112598	0.000000	-0.619395	-0.148102	-0.351201	0.016360	0.189328
1606112598	0.000000	-0.618810	-0.142146	-0.338333	0.025589	0.189842
1606112598	0.000000	-0.620461	-0.131957	-0.330927	0.046354	0.189299
1606112598	0.000000	-0.621265	-0.126753	-0.328817	0.058356	0.188681
1606112598	0.000000	-0.627887	-0.118802	-0.332593	0.081735	0.184336
1606112598	0.000000	-0.626106	-0.102036	-0.338232	0.105659	0.178439
1606112598	0.000000	-0.630243	-0.094658	-0.331921	0.136145	0.174249
1606112598	0.000000	-0.630516	-0.092489	-0.324344	0.149266	0.172238
1606112598	0.000000	-0.638408	-0.078039	-0.313696	0.161961	0.167693
1606112598	0.000000	-0.635707	-0.071207	-0.317306	0.164087	0.169757
1606112599	0.000000	-0.638628	-0.082776	-0.307193	0.169133	0.175890
1606112599	0.000000	-0.636315	-0.078440	-0.303852	0.167043	0.180326
1606112599	0.000000	-0.635600	-0.098120	-0.288951	0.158376	0.189396
1606112599	0.000000	-0.637049	-0.101871	-0.284088	0.145914	0.193488
1606112599	0.000000	-0.636833	-0.111657	-0.285876	0.114793	0.197668
1606112599	0.000000	-0.637953	-0.114346	-0.292711	0.077746	0.192746
1606112599	0.000000	-0.637142	-0.119626	-0.292681	0.058221	0.188741
1606112599	0.000000	-0.635076	-0.130513	-0.296580	0.021533	0.179584
1606112599	0.000000	-0.634668	-0.135003	-0.297480	0.006103	0.173866
1606112599	0.000000	-0.634098	-0.138865	-0.297414	-0.005482	0.167788
1606112599	0.000000	-0.632597	-0.143584	-0.299368	-0.020584	0.156626
1606112599	0.000000	-0.632378	-0.144364	-0.300600	-0.024002	0.152908
1606112599	0.000000	-0.632629	-0.143566	-0.302712	-0.014504	0.150886
1606112599	0.000000	-0.633843	-0.140951	-0.303614	-0.004593	0.150549
1606112599	0.000000	-0.634890	-0.133489	-0.300084	0.010019	0.149101
1606112599	0.000000	-0.634886	-0.130613	-0.300329	0.016343	0.149603
1606112599	0.000000	-0.636688	-0.120835	-0.297252	0.034658	0.153579
1606112599	0.000000	-0.614439	-0.118870	-0.338379	0.049424	0.160210
1606112599	0.000000	-0.615507	-0.105640	-0.335197	0.083416	0.160202
1606112599	0.000000	-0.616121	-0.099781	-0.332795	0.104850	0.160603
1606112599	0.000000	-0.616529	-0.098644	-0.328965	0.142820	0.169437
1606112599	0.000000	-0.617141	-0.094243	-0.326162	0.157777	0.176599
1606112599	0.000000	-0.619440	-0.086714	-0.318185	0.179395	0.184427
1606112599	0.000000	-0.620551	-0.083463	-0.311915	0.185323	0.186138
1606112599	0.000000	-0.620993	-0.084024	-0.303508	0.189399	0.191219
1606112599	0.000000	-0.620477	-0.085428	-0.301640	0.187273	0.192488
1606112599	0.000000	-0.633951	-0.092987	-0.297084	0.170823	0.184782
1606112599	0.000000	-0.627459	-0.107444	-0.303971	0.159444	0.179527
1606112599	0.000000	-0.632249	-0.144800	-0.298935	0.133082	0.163322
1606112599	0.000000	-0.631542	-0.136337	-0.299856	0.115030	0.156418
1606112599	0.000000	-0.633870	-0.138556	-0.285914	0.084157	0.144880
1606112599	0.000000	-0.633915	-0.140792	-0.287186	0.068635	0.141413
1606112599	0.000000	-0.633606	-0.140736	-0.289908	0.038422	0.138510
1606112599	0.000000	-0.635119	-0.146458	-0.287892	0.014054	0.138122
1606112599	0.000000	-0.634660	-0.150178	-0.290965	-0.000216	0.137469
1606112599	0.000000	-0.634008	-0.149790	-0.297334	-0.002854	0.136669
1606112599	0.000000	-0.634277	-0.147763	-0.297799	-0.003780	0.131288
1606112599	0.000000	-0.632777	-0.141848	-0.301527	0.003020	0.121384
1606112599	0.000000	-0.628071	-0.137471	-0.314378	0.011128	0.116757
1606112600	0.000000	-0.621700	-0.119585	-0.334975	0.040768	0.108638
1606112600	0.000000	-0.618292	-0.103928	-0.341050	0.058326	0.105779
1606112600	0.000000	-0.620683	-0.089680	-0.333290	0.100336	0.103041
1606112600	0.000000	-0.621216	-0.081264	-0.331322	0.121301	0.105663
1606112600	0.000000	-0.621680	-0.074960	-0.328315	0.140068	0.110553
1606112600	0.000000	-0.625074	-0.068577	-0.317862	0.181050	0.123265
1606112600	0.000000	-0.623230	-0.066065	-0.313917	0.198832	0.129105
1606112600	0.000000	-0.624008	-0.061543	-0.307658	0.232730	0.139108
1606112600	0.000000	-0.629105	-0.048245	-0.305691	0.244368	0.144791
1606112600	0.000000	-0.632658	-0.054590	-0.288488	0.264101	0.156939
1606112600	0.000000	-0.631263	-0.058067	-0.289127	0.263622	0.162830
1606112600	0.000000	-0.631077	-0.067047	-0.277965	0.256713	0.167641
1606112600	0.000000	-0.622182	-0.072581	-0.291903	0.213384	0.172890
1606112600	0.000000	-0.619912	-0.092494	-0.309187	0.182950	0.168860
1606112600	0.000000	-0.624951	-0.121210	-0.283633	0.108601	0.144758
1606112600	0.000000	-0.628125	-0.149748	-0.290720	0.069894	0.130045
1606112600	0.000000	-0.637640	-0.167670	-0.300220	0.005289	0.097746
1606112600	0.000000	-0.637521	-0.174493	-0.298517	-0.038626	0.058940
1606112600	0.000000	-0.635504	-0.179103	-0.298586	-0.052623	0.023480
1606112600	0.000000	-0.636284	-0.180081	-0.299199	-0.049777	0.005667
1606112600	0.000000	-0.637354	-0.178492	-0.296243	-0.037634	-0.023500
1606112600	0.000000	-0.638618	-0.176638	-0.295355	-0.030369	-0.039715
1606112600	0.000000	-0.641356	-0.170583	-0.292302	-0.015093	-0.067884
1606112600	0.000000	-0.645172	-0.161227	-0.289608	0.007164	-0.092945
1606112600	0.000000	-0.647560	-0.157040	-0.287875	0.020475	-0.100319
1606112600	0.000000	-0.652436	-0.149656	-0.284077	0.054249	-0.096763
1606112600	0.000000	-0.656177	-0.148121	-0.281372	0.067710	-0.084818
1606112600	0.000000	-0.657261	-0.147796	-0.279066	0.088381	-0.035014
1606112600	0.000000	-0.660205	-0.148749	-0.278789	0.097573	0.000323
1606112600	0.000000	-0.662188	-0.147536	-0.274901	0.105108	0.085820
1606112600	0.000000	-0.668795	-0.146469	-0.253782	0.106644	0.126928
1606112600	0.000000	-0.671879	-0.146194	-0.242660	0.106172	0.166297
1606112600	0.000000	-0.676937	-0.144324	-0.206575	0.097729	0.229147
1606112600	0.000000	-0.667393	-0.149357	-0.242830	0.092728	0.252483
1606112600	0.000000	-0.641297	-0.113309	-0.289498	0.067118	0.277024
1606112600	0.000000	-0.635630	-0.117373	-0.297090	0.058677	0.277495
1606112600	0.000000	-0.623392	-0.154005	-0.327380	0.053475	0.259840
1606112600	0.000000	-0.619147	-0.154211	-0.339038	0.048757	0.220784
1606112600	0.000000	-0.622775	-0.154988	-0.354036	0.052822	0.192513
1606112601	0.000000	-0.626597	-0.118285	-0.301332	0.059166	0.133197
1606112601	0.000000	-0.634480	-0.109607	-0.292328	0.082602	0.074118
1606112601	0.000000	-0.624615	-0.101964	-0.297000	0.093112	0.045310
1606112601	0.000000	-0.646467	-0.107110	-0.295241	0.104619	-0.016749
1606112601	0.000000	-0.633087	-0.093122	-0.275017	0.101622	-0.045712
1606112601	0.000000	-0.628144	-0.102717	-0.264854	0.095752	-0.079076
1606112601	0.000000	-0.639696	-0.106179	-0.284733	0.067517	-0.135298
1606112601	0.000000	-0.641944	-0.104743	-0.278433	0.049120	-0.147583
1606112601	0.000000	-0.642188	-0.106313	-0.279265	0.013560	-0.136770
1606112601	0.000000	-0.669791	-0.100316	-0.250355	-0.004923	-0.125629
1606112601	0.000000	-0.665663	-0.102081	-0.265062	-0.020209	-0.090164
1606112601	0.000000	-0.665377	-0.102929	-0.267293	-0.012283	-0.040825
1606112601	0.000000	-0.661211	-0.102281	-0.266885	0.006404	0.041191
1606112601	0.000000	-0.658582	-0.102843	-0.268294	0.014657	0.127612
1606112601	0.000000	-0.656650	-0.103077	-0.259734	0.011175	0.187613
1606112601	0.000000	-0.648372	-0.108993	-0.285678	0.002811	0.214496
1606112601	0.000000	-0.621223	-0.142299	-0.332548	0.003166	0.204495
1606112601	0.000000	-0.609369	-0.160223	-0.365779	0.007610	0.164038
1606112601	0.000000	-0.608802	-0.160141	-0.365177	0.005429	0.108737
1606112601	0.000000	-0.608904	-0.159443	-0.363556	0.000242	0.081129
1606112601	0.000000	-0.611472	-0.157342	-0.360191	-0.014150	0.026981
1606112601	0.000000	-0.613791	-0.156405	-0.359565	-0.020322	-0.001112
1606112601	0.000000	-0.622745	-0.153501	-0.339064	-0.028770	-0.046484
1606112601	0.000000	-0.625587	-0.153358	-0.337781	-0.029691	-0.064543
1606112601	0.000000	-0.630220	-0.150908	-0.334503	-0.033257	-0.082185
1606112601	0.000000	-0.633355	-0.150174	-0.331590	-0.034834	-0.083196
1606112601	0.000000	-0.637100	-0.149283	-0.327411	-0.043490	-0.073445
1606112601	0.000000	-0.638644	-0.149363	-0.328351	-0.047887	-0.051611
1606112601	0.000000	-0.638418	-0.149917	-0.332096	-0.046131	-0.034798
1606112601	0.000000	-0.636887	-0.149742	-0.333261	-0.028857	0.004651
1606112601	0.000000	-0.635107	-0.150419	-0.334783	-0.017717	0.027123
1606112601	0.000000	-0.632542	-0.151280	-0.330016	0.001069	0.075019
1606112601	0.000000	-0.629425	-0.151598	-0.332003	0.004774	0.104879
1606112601	0.000000	-0.625668	-0.151522	-0.328014	0.007736	0.155291
1606112601	0.000000	-0.623356	-0.152283	-0.319754	0.007332	0.179529
1606112601	0.000000	-0.623015	-0.153363	-0.318868	0.006114	0.179489
1606112602	0.000000	-0.620998	-0.155576	-0.332519	0.001698	0.158553
1606112602	0.000000	-0.620846	-0.155972	-0.333569	-0.002681	0.111626
1606112602	0.000000	-0.623611	-0.155371	-0.326348	-0.009963	0.043186
1606112602	0.000000	-0.624022	-0.154792	-0.323484	-0.016670	0.008177
1606112602	0.000000	-0.633900	-0.153589	-0.326536	-0.033405	-0.064784
1606112602	0.000000	-0.636502	-0.152412	-0.323464	-0.041643	-0.097066
1606112602	0.000000	-0.643318	-0.153347	-0.308448	-0.056923	-0.152368
1606112602	0.000000	-0.650821	-0.153995	-0.308522	-0.067115	-0.177679
1606112602	0.000000	-0.651136	-0.153956	-0.309271	-0.067253	-0.177560
1606112602	0.000000	-0.650683	-0.153891	-0.310135	-0.057330	-0.162588
1606112602	0.000000	-0.650220	-0.154060	-0.310787	-0.049088	-0.145933
1606112602	0.000000	-0.645954	-0.154155	-0.309757	-0.035051	-0.083505
1606112602	0.000000	-0.642556	-0.154981	-0.315554	-0.023633	-0.002222
1606112602	0.000000	-0.642121	-0.155312	-0.317121	-0.018409	0.036988
1606112602	0.000000	-0.638898	-0.156030	-0.321909	-0.012113	0.111307
1606112602	0.000000	-0.637485	-0.154932	-0.318878	-0.010624	0.140209
1606112602	0.000000	-0.634591	-0.156917	-0.317576	-0.006378	0.170297
1606112602	0.000000	-0.633334	-0.158087	-0.318696	-0.002260	0.167882
1606112602	0.000000	-0.631593	-0.158299	-0.318396	0.003429	0.136317
1606112602	0.000000	-0.633375	-0.156424	-0.315021	-0.000115	0.081301
1606112602	0.000000	-0.633889	-0.155914	-0.314143	-0.004823	0.046214
1606112602	0.000000	-0.638599	-0.154389	-0.315171	-0.021332	-0.035666
1606112602	0.000000	-0.640990	-0.153826	-0.313253	-0.031616	-0.078819
1606112602	0.000000	-0.646522	-0.151898	-0.315769	-0.053436	-0.153630
1606112602	0.000000	-0.648750	-0.151788	-0.313935	-0.062275	-0.182085
1606112602	0.000000	-0.652233	-0.151135	-0.308672	-0.075667	-0.210116
1606112602	0.000000	-0.650501	-0.152747	-0.299502	-0.080881	-0.197802
1606112602	0.000000	-0.649158	-0.154247	-0.300582	-0.076126	-0.163237
1606112602	0.000000	-0.648759	-0.154928	-0.301865	-0.070664	-0.142146
1606112602	0.000000	-0.643043	-0.156020	-0.311253	-0.055619	-0.078224
1606112602	0.000000	-0.639488	-0.158527	-0.317002	-0.039921	-0.000091
1606112602	0.000000	-0.638136	-0.159684	-0.314640	-0.032246	0.041819
1606112602	0.000000	-0.634302	-0.162036	-0.317852	-0.020839	0.109028
1606112602	0.000000	-0.631430	-0.163153	-0.304661	-0.014689	0.148579
1606112602	0.000000	-0.630340	-0.164223	-0.305733	-0.014798	0.153438
1606112602	0.000000	-0.629193	-0.165684	-0.305396	-0.018521	0.136158
1606112602	0.000000	-0.630791	-0.165355	-0.308295	-0.027422	0.081888
1606112603	0.000000	-0.633615	-0.164516	-0.315796	-0.035763	0.001600
1606112603	0.000000	-0.635355	-0.162507	-0.316236	-0.040999	-0.044588
1606112603	0.000000	-0.639427	-0.157829	-0.316298	-0.058685	-0.134822
1606112603	0.000000	-0.643812	-0.156558	-0.308531	-0.071499	-0.179964
1606112603	0.000000	-0.649792	-0.154568	-0.304122	-0.098510	-0.239988
1606112603	0.000000	-0.652110	-0.153297	-0.302190	-0.111976	-0.253876
1606112603	0.000000	-0.654459	-0.152446	-0.302874	-0.117773	-0.251814
1606112603	0.000000	-0.655050	-0.152453	-0.303626	-0.113312	-0.242745
1606112603	0.000000	-0.654137	-0.151988	-0.304036	-0.090041	-0.213401
1606112603	0.000000	-0.652601	-0.153286	-0.304589	-0.056588	-0.159992
1606112603	0.000000	-0.648480	-0.154899	-0.309533	-0.028661	-0.068364
1606112603	0.000000	-0.645829	-0.157843	-0.303564	-0.016709	-0.021625
1606112603	0.000000	-0.645171	-0.153055	-0.271600	-0.000854	0.065235
1606112603	0.000000	-0.642286	-0.145282	-0.252530	0.005370	0.138663
1606112603	0.000000	-0.638502	-0.147052	-0.257501	0.011308	0.185356
1606112603	0.000000	-0.634561	-0.148626	-0.272568	0.018775	0.195080
1606112603	0.000000	-0.625900	-0.146314	-0.336762	0.021700	0.175854
1606112603	0.000000	-0.628533	-0.172383	-0.317029	0.024865	0.135441
1606112603	0.000000	-0.615857	-0.180251	-0.344936	0.019584	0.080038
1606112603	0.000000	-0.625564	-0.176532	-0.312679	-0.001408	-0.005781
1606112603	0.000000	-0.630594	-0.175161	-0.314094	-0.016780	-0.057659
1606112603	0.000000	-0.639438	-0.172993	-0.311978	-0.043472	-0.143617
1606112603	0.000000	-0.642830	-0.172250	-0.309685	-0.057899	-0.186217
1606112603	0.000000	-0.655052	-0.169205	-0.300660	-0.085889	-0.262797
1606112603	0.000000	-0.660503	-0.169586	-0.298480	-0.105976	-0.305973
1606112603	0.000000	-0.660271	-0.169737	-0.298635	-0.107912	-0.310420
1606112603	0.000000	-0.660827	-0.170144	-0.300204	-0.099291	-0.300983
1606112603	0.000000	-0.660070	-0.169196	-0.302404	-0.083942	-0.274767
1606112603	0.000000	-0.658306	-0.168394	-0.302031	-0.057138	-0.220911
1606112603	0.000000	-0.656747	-0.168607	-0.303858	-0.039627	-0.183321
1606112603	0.000000	-0.658660	-0.161715	-0.260694	-0.003386	-0.100191
1606112603	0.000000	-0.655383	-0.160362	-0.266763	0.017647	-0.055523
1606112603	0.000000	-0.652181	-0.158275	-0.264434	0.051030	0.017597
1606112603	0.000000	-0.647645	-0.156611	-0.265268	0.075198	0.085010
1606112603	0.000000	-0.646058	-0.155847	-0.266550	0.083477	0.112791
1606112604	0.000000	-0.640248	-0.156374	-0.273950	0.092721	0.142174
1606112604	0.000000	-0.639903	-0.156624	-0.296196	0.093188	0.139216
1606112604	0.000000	-0.638724	-0.158355	-0.299178	0.087023	0.121399
1606112604	0.000000	-0.638111	-0.158443	-0.300439	0.081172	0.108342
1606112604	0.000000	-0.653656	-0.155182	-0.067156	0.054728	0.048253
1606112604	0.000000	-0.671364	-0.168413	-0.059826	0.049840	0.008877
1606112604	0.000000	-0.697275	-0.167241	-0.067510	0.024567	-0.067603
1606112604	0.000000	-0.723035	-0.167176	-0.067080	-0.006021	-0.142126
1606112604	0.000000	-0.728280	-0.167562	-0.075336	-0.031976	-0.200598
1606112604	0.000000	-0.730348	-0.167499	-0.072889	-0.040207	-0.218490
1606112604	0.000000	-0.731594	-0.168078	-0.073463	-0.045894	-0.228243
1606112604	0.000000	-0.730769	-0.167706	-0.073303	-0.035989	-0.216480
1606112604	0.000000	-0.729838	-0.168268	-0.074364	-0.017418	-0.182546
1606112604	0.000000	-0.728702	-0.168995	-0.077448	-0.008404	-0.152878
1606112604	0.000000	-0.727196	-0.167613	-0.071935	0.008303	-0.069678
1606112604	0.000000	-0.725299	-0.168266	-0.077244	0.025463	0.027229
1606112604	0.000000	-0.722688	-0.168880	-0.080144	0.034438	0.107145
1606112604	0.000000	-0.708749	-0.184967	-0.201419	0.040369	0.133412
1606112604	0.000000	-0.637135	-0.122047	-0.301812	0.029392	0.161258
1606112604	0.000000	-0.628801	-0.147802	-0.312385	0.029791	0.144494
1606112604	0.000000	-0.641890	-0.158791	-0.312783	0.021240	0.107869
1606112604	0.000000	-0.624746	-0.170879	-0.320436	0.015878	0.088369
1606112604	0.000000	-0.608068	-0.178073	-0.320002	-0.001243	0.041079
1606112604	0.000000	-0.613091	-0.171043	-0.316013	-0.019167	-0.010337
1606112604	0.000000	-0.618783	-0.167081	-0.305351	-0.031566	-0.056285
1606112604	0.000000	-0.624321	-0.163817	-0.300210	-0.031728	-0.091527
1606112604	0.000000	-0.624391	-0.158815	-0.299348	-0.011173	-0.112032
1606112604	0.000000	-0.622224	-0.153663	-0.298152	0.020151	-0.114061
1606112604	0.000000	-0.621567	-0.147113	-0.290761	0.058148	-0.089591
1606112604	0.000000	-0.617786	-0.142834	-0.289727	0.101747	-0.032664
1606112604	0.000000	-0.617387	-0.142707	-0.289732	0.122225	0.003282
1606112604	0.000000	-0.614641	-0.140775	-0.287200	0.147986	0.085200
1606112604	0.000000	-0.617613	-0.140025	-0.268406	0.155779	0.151866
1606112605	0.000000	-0.620838	-0.139643	-0.249982	0.149889	0.174460
1606112605	0.000000	-0.619238	-0.147097	-0.260567	0.124484	0.190780
1606112605	0.000000	-0.615381	-0.154587	-0.290221	0.084572	0.177945
1606112605	0.000000	-0.616023	-0.159515	-0.305565	0.038774	0.150458
1606112605	0.000000	-0.620106	-0.161992	-0.308564	0.004389	0.102028
1606112605	0.000000	-0.623391	-0.163281	-0.308455	-0.002807	0.068527
1606112605	0.000000	-0.631638	-0.162603	-0.297864	-0.002279	0.001040
1606112605	0.000000	-0.636305	-0.163170	-0.298353	0.009503	-0.054931
1606112605	0.000000	-0.639895	-0.162993	-0.296403	0.020170	-0.077179
1606112605	0.000000	-0.641310	-0.160752	-0.294202	0.035233	-0.071821
1606112605	0.000000	-0.639952	-0.160010	-0.284785	0.057207	-0.049766
1606112605	0.000000	-0.639141	-0.157135	-0.277837	0.079754	-0.019676
1606112605	0.000000	-0.629760	-0.154768	-0.292515	0.106506	0.005206
1606112605	0.000000	-0.624683	-0.155903	-0.293366	0.129923	0.006166
1606112605	0.000000	-0.625020	-0.156151	-0.289756	0.144913	0.000589
1606112605	0.000000	-0.647293	-0.131702	-0.282851	0.140301	-0.010388
1606112605	0.000000	-0.649864	-0.119373	-0.283006	0.133294	-0.016051
1606112605	0.000000	-0.639128	-0.137784	-0.286352	0.118147	-0.031842
1606112605	0.000000	-0.642204	-0.140699	-0.275902	0.090028	-0.052093
1606112605	0.000000	-0.641863	-0.148149	-0.280957	0.060443	-0.062906
1606112605	0.000000	-0.641021	-0.151762	-0.282882	0.031128	-0.065291
1606112605	0.000000	-0.640651	-0.152482	-0.284333	0.006607	-0.067204
1606112605	0.000000	-0.640464	-0.149715	-0.286780	0.002361	-0.065287
1606112605	0.000000	-0.641440	-0.147201	-0.297660	0.019681	-0.062771
1606112605	0.000000	-0.650764	-0.141045	-0.283689	0.067059	-0.042839
1606112605	0.000000	-0.655506	-0.139319	-0.263953	0.109229	-0.000645
1606112605	0.000000	-0.655308	-0.140272	-0.252942	0.156387	0.065213
1606112605	0.000000	-0.672120	-0.096284	-0.213292	0.171372	0.099412
1606112605	0.000000	-0.666029	-0.070894	-0.242734	0.219558	0.172155
1606112605	0.000000	-0.668480	-0.082691	-0.241865	0.244679	0.204096
1606112605	0.000000	-0.642860	-0.078579	-0.253012	0.273495	0.263649
1606112605	0.000000	-0.645148	-0.045530	-0.310018	0.277404	0.288483
1606112605	0.000000	-0.650869	-0.055179	-0.298894	0.282958	0.303928
1606112606	0.000000	-0.652541	-0.062133	-0.296197	0.290586	0.322657
1606112606	0.000000	-0.653154	-0.066262	-0.294747	0.296522	0.325647
1606112606	0.000000	-0.657388	-0.072333	-0.288260	0.316039	0.320616
1606112606	0.000000	-0.654151	-0.069946	-0.285069	0.327900	0.316405
1606112606	0.000000	-0.653941	-0.063311	-0.283574	0.336918	0.311169
1606112606	0.000000	-0.653730	-0.054048	-0.267886	0.346624	0.298172
1606112606	0.000000	-0.652016	-0.055300	-0.267925	0.347338	0.292275
1606112606	0.000000	-0.653096	-0.054109	-0.267546	0.342748	0.286327
1606112606	0.000000	-0.650526	-0.050680	-0.262812	0.334455	0.281522
1606112606	0.000000	-0.654088	-0.053882	-0.260429	0.314950	0.268200
1606112606	0.000000	-0.651892	-0.059153	-0.255767	0.304445	0.260572
1606112606	0.000000	-0.650447	-0.074389	-0.251601	0.283030	0.243823
1606112606	0.000000	-0.644492	-0.087141	-0.268451	0.270978	0.236620
1606112606	0.000000	-0.631124	-0.096399	-0.309109	0.230559	0.218970
1606112606	0.000000	-0.640381	-0.111373	-0.294855	0.202343	0.202511
1606112606	0.000000	-0.657612	-0.104204	-0.294018	0.121777	0.155524
1606112606	0.000000	-0.640197	-0.193622	-0.296994	0.073742	0.096724
1606112606	0.000000	-0.626310	-0.167847	-0.335963	0.023449	0.027400
1606112606	0.000000	-0.629385	-0.155102	-0.354232	0.003078	-0.054785
1606112606	0.000000	-0.644331	-0.152669	-0.325968	-0.005230	-0.123348
1606112606	0.000000	-0.647052	-0.154337	-0.322460	-0.015596	-0.171772
1606112606	0.000000	-0.649752	-0.154409	-0.317384	-0.022722	-0.192721
1606112606	0.000000	-0.653257	-0.155991	-0.313123	-0.039123	-0.222179
1606112606	0.000000	-0.655311	-0.158702	-0.313508	-0.061066	-0.243619
1606112606	0.000000	-0.654059	-0.160679	-0.314627	-0.065352	-0.235383
1606112606	0.000000	-0.652190	-0.163304	-0.316266	-0.062215	-0.228376
1606112606	0.000000	-0.650031	-0.164918	-0.317963	-0.057016	-0.223748
1606112606	0.000000	-0.647611	-0.166696	-0.318507	-0.047985	-0.215661
1606112606	0.000000	-0.645477	-0.168139	-0.317507	-0.033908	-0.208668
1606112606	0.000000	-0.641898	-0.169957	-0.318078	-0.015123	-0.210237
1606112606	0.000000	-0.637745	-0.172054	-0.318050	0.002482	-0.216937
1606112606	0.000000	-0.633129	-0.174988	-0.317653	0.007947	-0.227617
1606112606	0.000000	-0.630510	-0.177473	-0.317052	-0.000797	-0.241948
1606112606	0.000000	-0.629272	-0.181415	-0.319776	-0.017216	-0.261720
1606112607	0.000000	-0.625776	-0.184624	-0.324737	-0.041409	-0.277038
1606112607	0.000000	-0.624405	-0.187246	-0.324388	-0.053212	-0.282496
1606112607	0.000000	-0.622013	-0.189657	-0.326968	-0.068679	-0.293697
1606112607	0.000000	-0.619571	-0.191839	-0.326767	-0.077590	-0.302093
1606112607	0.000000	-0.619351	-0.192189	-0.327389	-0.082777	-0.305033
1606112607	0.000000	-0.619694	-0.191412	-0.328386	-0.085665	-0.310784
1606112607	0.000000	-0.621244	-0.190484	-0.328944	-0.078005	-0.307498
1606112607	0.000000	-0.622863	-0.191458	-0.326140	-0.079345	-0.304464
1606112607	0.000000	-0.623254	-0.192339	-0.324282	-0.094056	-0.302271
1606112607	0.000000	-0.623608	-0.193315	-0.324032	-0.103022	-0.301555
1606112607	0.000000	-0.624151	-0.196015	-0.324223	-0.119042	-0.305847
1606112607	0.000000	-0.625055	-0.198173	-0.321832	-0.114122	-0.323773
1606112607	0.000000	-0.624720	-0.200844	-0.319883	-0.101107	-0.349399
1606112607	0.000000	-0.623847	-0.202744	-0.320019	-0.097861	-0.355461
1606112607	0.000000	-0.622375	-0.205953	-0.321370	-0.101885	-0.358719
1606112607	0.000000	-0.622668	-0.209338	-0.321741	-0.099815	-0.369274
1606112607	0.000000	-0.625320	-0.206923	-0.320522	-0.080434	-0.356932
1606112607	0.000000	-0.625757	-0.207374	-0.320909	-0.078639	-0.336700
1606112607	0.000000	-0.629151	-0.207817	-0.317849	-0.074581	-0.325309
1606112607	0.000000	-0.631889	-0.207399	-0.314046	-0.080621	-0.321180
1606112607	0.000000	-0.634239	-0.207217	-0.313598	-0.085838	-0.322471
1606112607	0.000000	-0.635207	-0.207760	-0.312104	-0.083935	-0.335316
1606112607	0.000000	-0.635647	-0.208454	-0.311814	-0.078165	-0.346320
1606112607	0.000000	-0.635289	-0.209063	-0.310802	-0.062851	-0.364468
1606112607	0.000000	-0.635620	-0.210319	-0.307954	-0.039085	-0.384242
1606112607	0.000000	-0.635868	-0.211770	-0.306687	-0.009877	-0.411440
1606112607	0.000000	-0.635651	-0.210379	-0.306798	0.005411	-0.411677
1606112607	0.000000	-0.635165	-0.210537	-0.306408	0.005407	-0.411860
1606112607	0.000000	-0.634208	-0.210658	-0.306238	0.007234	-0.411752
1606112607	0.000000	-0.633114	-0.210851	-0.305761	0.009231	-0.411685
1606112607	0.000000	-0.631526	-0.211448	-0.305633	0.012228	-0.412283
1606112607	0.000000	-0.630700	-0.211371	-0.305505	0.012887	-0.412229
1606112607	0.000000	-0.628871	-0.211785	-0.305642	0.015845	-0.412477
1606112607	0.000000	-0.626836	-0.212682	-0.304381	0.020063	-0.413175
1606112608	0.000000	-0.623738	-0.213792	-0.303094	0.026154	-0.413587
1606112608	0.000000	-0.620278	-0.215781	-0.300451	0.033866	-0.413598
1606112608	0.000000	-0.618392	-0.215973	-0.299459	0.036869	-0.414083
1606112608	0.000000	-0.616585	-0.216660	-0.300382	0.044826	-0.412547
1606112608	0.000000	-0.618293	-0.216044	-0.299933	0.037591	-0.406835
1606112608	0.000000	-0.618001	-0.215553	-0.298658	0.041981	-0.388489
1606112608	0.000000	-0.617517	-0.216107	-0.300869	0.039287	-0.357786
1606112608	0.000000	-0.617606	-0.216139	-0.306460	0.037937	-0.310254
1606112608	0.000000	-0.620018	-0.215077	-0.310793	0.037366	-0.280180
1606112608	0.000000	-0.617667	-0.215557	-0.315266	0.038760	-0.258578
1606112608	0.000000	-0.609849	-0.211112	-0.314186	0.041935	-0.206965
1606112608	0.000000	-0.612540	-0.210081	-0.312546	0.043383	-0.179081
1606112608	0.000000	-0.614683	-0.210874	-0.308018	0.038525	-0.170680
1606112608	0.000000	-0.614160	-0.211502	-0.308601	0.033539	-0.170483
1606112608	0.000000	-0.612816	-0.212587	-0.307536	0.032471	-0.171155
1606112608	0.000000	-0.610671	-0.213766	-0.305693	0.030892	-0.171420
1606112608	0.000000	-0.610532	-0.213747	-0.306320	0.035115	-0.182332
1606112608	0.000000	-0.610474	-0.213663	-0.307140	0.030025	-0.183668
1606112608	0.000000	-0.610648	-0.213801	-0.306593	0.029668	-0.183371
1606112608	0.000000	-0.610589	-0.213837	-0.306871	0.029667	-0.183150
1606112608	0.000000	-0.610593	-0.213906	-0.306699	0.029341	-0.183377
1606112608	0.000000	-0.610511	-0.213740	-0.306955	0.029533	-0.183228
1606112608	0.000000	-0.610418	-0.213742	-0.307176	0.030035	-0.183179
1606112608	0.000000	-0.610513	-0.213798	-0.306878	0.030036	-0.182890
1606112608	0.000000	-0.610520	-0.213839	-0.306650	0.029927	-0.182763
1606112608	0.000000	-0.610579	-0.213826	-0.306646	0.029612	-0.183003
1606112608	0.000000	-0.610601	-0.213736	-0.306638	0.029482	-0.183144
1606112608	0.000000	-0.610702	-0.213840	-0.306658	0.029399	-0.183377
1606112608	0.000000	-0.610541	-0.213723	-0.306948	0.028996	-0.183188
1606112608	0.000000	-0.610590	-0.213805	-0.306922	0.029294	-0.183341
1606112608	0.000000	-0.610604	-0.213848	-0.306975	0.029302	-0.183450
1606112609	0.000000	-0.610605	-0.213821	-0.306893	0.029310	-0.183432
1606112609	0.000000	-0.610508	-0.213903	-0.306940	0.028924	-0.183172
1606112609	0.000000	-0.610526	-0.213906	-0.307122	0.029512	-0.183279
1606112609	0.000000	-0.610631	-0.213885	-0.306859	0.029536	-0.183424
1606112609	0.000000	-0.610467	-0.213784	-0.306897	0.029185	-0.183052
1606112609	0.000000	-0.610573	-0.213867	-0.306999	0.029506	-0.183173
1606112609	0.000000	-0.610556	-0.213793	-0.307009	0.029407	-0.183309
1606112609	0.000000	-0.610610	-0.213733	-0.306873	0.029338	-0.183235
1606112609	0.000000	-0.610581	-0.213737	-0.307059	0.029168	-0.183161
1606112609	0.000000	-0.610592	-0.213704	-0.307003	0.029212	-0.183230
1606112609	0.000000	-0.610674	-0.213809	-0.306788	0.029348	-0.183149
1606112609	0.000000	-0.610614	-0.213840	-0.306973	0.029662	-0.183233
1606112609	0.000000	-0.610653	-0.213752	-0.306923	0.029416	-0.183318
1606112609	0.000000	-0.610633	-0.213698	-0.306801	0.029366	-0.183223
1606112609	0.000000	-0.610607	-0.213741	-0.306893	0.029482	-0.183190
1606112609	0.000000	-0.610632	-0.213793	-0.306798	0.029383	-0.183121
1606112609	0.000000	-0.610670	-0.213767	-0.306782	0.029428	-0.183268
1606112609	0.000000	-0.610628	-0.213800	-0.306732	0.029406	-0.183037
1606112609	0.000000	-0.610595	-0.213737	-0.306712	0.029228	-0.182985
1606112609	0.000000	-0.610704	-0.213773	-0.306655	0.029149	-0.183294
1606112609	0.000000	-0.610677	-0.213706	-0.306811	0.029355	-0.183170
1606112609	0.000000	-0.610655	-0.213800	-0.306682	0.029220	-0.183065
1606112609	0.000000	-0.610616	-0.213689	-0.306810	0.029067	-0.183077
1606112609	0.000000	-0.610739	-0.213690	-0.306659	0.029155	-0.183246
1606112609	0.000000	-0.610630	-0.213674	-0.306847	0.029076	-0.183209
1606112609	0.000000	-0.610524	-0.213696	-0.306993	0.029198	-0.182944
1606112609	0.000000	-0.610586	-0.213738	-0.306857	0.029307	-0.183000
1606112609	0.000000	-0.610676	-0.213734	-0.306816	0.029243	-0.183324
1606112610	0.000000	-0.610607	-0.213707	-0.306821	0.029152	-0.183021
1606112610	0.000000	-0.610714	-0.213744	-0.306735	0.029375	-0.183320
1606112610	0.000000	-0.610715	-0.213750	-0.306654	0.029159	-0.183220
1606112610	0.000000	-0.610617	-0.213762	-0.306777	0.029050	-0.182972
1606112610	0.000000	-0.610690	-0.213708	-0.306747	0.029283	-0.183262
1606112610	0.000000	-0.610650	-0.213707	-0.306862	0.029081	-0.183191
1606112610	0.000000	-0.610606	-0.213651	-0.306870	0.028967	-0.183101
1606112610	0.000000	-0.610702	-0.213762	-0.306710	0.029333	-0.183200
1606112610	0.000000	-0.610655	-0.213814	-0.306758	0.029583	-0.183102
1606112610	0.000000	-0.610591	-0.213756	-0.306792	0.029355	-0.183060
1606112610	0.000000	-0.610656	-0.213724	-0.306550	0.029031	-0.182823
1606112610	0.000000	-0.610660	-0.213748	-0.306648	0.029247	-0.183117
1606112610	0.000000	-0.610692	-0.213744	-0.306699	0.029294	-0.183262
