-638.941
-788.905
-962.104
-1099.94
-1186.33
-1226.79
-1234.63
-1223.22
-1202.8
-1179.85
-1157.73
-1137.71
-1119.86
-1103.74
-1088.8
-1074.57
-1060.74
-1047.11
-1033.6
-1020.2
-1006.9
-993.728
-980.703
-967.836
-955.134
-942.599
-930.232
-918.03
-905.99
-894.11
-882.386
-870.816
-859.397
-848.129
-837.007
-826.032
-815.201
-804.511
-793.962
-783.551
-773.276
-763.137
-753.13
-743.254
-733.508
-723.89
-714.398
-705.03
-695.785
-686.662
-677.658
-668.772
-660.002
-651.348
-642.807
-634.378
-626.06
-617.851
-609.749
-601.753
-593.863
-586.076
-578.391
-570.806
-563.322
-555.935
-548.645
-541.451
-534.351
-527.344
-520.429
-513.605
-506.87
-500.224
-493.665
-487.191
-480.803
-474.498
-468.276
-462.136
-456.076
-450.096
-444.194
-438.369
-432.621
-426.948
-421.35
-415.825
-410.372
-404.991
-399.681
-394.44
-389.268
-384.163
-379.126
-374.154
-369.248
-364.406
-359.628
-354.912
-350.259
-345.666
-341.133
-336.66
-332.245
-327.889
-323.589
-319.346
-315.159
-311.026
-306.948
-302.923
-298.951
-295.031
-291.162
-287.344
-283.576
-279.858
-276.188
-272.566
-268.992
-265.465
-261.984
-258.549
-255.159
-251.813
-248.511
-245.252
-242.036
-238.863
-235.73
-232.639
-229.589
-226.578
-223.607
-220.675
-217.782
-214.926
-212.108
-209.326
-206.581
-203.873
-201.199
-198.561
-195.957
-193.388
-190.852
-188.349
-185.88
-183.442
-181.037
-178.663
-176.32
-174.008
-171.726
-169.475
-167.252
-165.059
-162.895
-160.759
-158.651
-156.571
-154.518
-152.491
-150.492
-148.518
-146.571
-144.649
-142.752
-140.88
-139.033
-137.21
-135.411
-133.635
-131.883
-130.154
-128.447
-126.763
-125.1
-123.46
-121.841
-120.243
-118.667
-117.111
-115.575
-114.06
-112.564
-111.088
-109.631
-108.194
-106.775
-105.375
-103.993
-102.63
-101.284
-99.9557
-98.645
-97.3515
-96.0749
-94.8151
-93.5719
-92.3449
-91.134
-89.939
-88.7596
-87.5958
-86.4471
-85.3136
-84.1949
-83.0909
-82.0013
-80.9261
-79.8649
-78.8177
-77.7842
-76.7642
-75.7576
-74.7642
-73.7839
-72.8164
-71.8615
-70.9192
-69.9893
-69.0716
-68.1658
-67.272
-66.3899
-65.5193
-64.6602
-63.8123
-62.9756
-62.1498
-61.3349
-60.5306
-59.7369
-58.9536
-58.1805
-57.4176
-56.6647
-55.9217
-55.1884
-54.4647
-53.7506
-53.0457
-52.3502
-51.6637
-50.9863
-50.3177
-49.6579
-49.0068
-48.3641
-47.73
-47.1041
-46.4864
-45.8769
-45.2753
-44.6816
-44.0957
-43.5175
-42.9469
-42.3837
-41.828
-41.2795
-40.7382
-40.204
-39.6768
-39.1566
-38.6431
-38.1364
-37.6363
-37.1428
-36.6558
-36.1751
-35.7008
-35.2326
-34.7706
-34.3147
-33.8647
-33.4207
-32.9824
-32.55
-32.1231
-31.7019
-31.2862
-30.876
-30.4711
-30.0715
-29.6772
-29.2881
-28.904
-28.525
-28.151
-27.7819
-27.4176
-27.058
-26.7032
-26.3531
-26.0075
-25.6665
-25.3299
-24.9978
-24.67
-24.3465
-24.0273
-23.7122
-23.4013
-23.0944
-22.7916
-22.4927
-22.1978
-21.9067
-21.6195
-21.336
-21.0562
-20.7801
-20.5076
-20.2387
-19.9733
-19.7114
-19.4529
-19.1979
-18.9461
-18.6977
-18.4525
-18.2106
-17.9718
-17.7361
-17.5035
-17.274
-17.0475
-16.824
-16.6034
-16.3857
-16.1708
-15.9588
-15.7495
-15.543
-15.3392
-15.138
-14.9395
-14.7436
-14.5503
-14.3595
-14.1712
-13.9854
-13.802
-13.621
-13.4424
-13.2661
-13.0922
-12.9205
-12.7511
-12.5839
-12.4189
-12.256
-12.0953
-11.9367
-11.7802
-11.6257
-11.4733
-11.3228
-11.1744
-11.0278
-10.8832
-10.7405
-10.5997
-10.4607
-10.3235
-10.1882
-10.0546
-9.92273
-9.79262
-9.66421
-9.53749
-9.41242
-9.289
-9.1672
-9.04699
-8.92836
-8.81129
-8.69575
-8.58172
-8.46919
-8.35814
-8.24854
-8.14038
-8.03364
-7.9283
-7.82433
-7.72174
-7.62048
-7.52056
-7.42194
-7.32462
-7.22858
-7.13379
-7.04025
-6.94793
-6.85682
-6.76691
-6.67818
-6.59061
-6.50419
-6.4189
-6.33473
-6.25167
-6.16969
-6.08879
-6.00895
-5.93016
-5.8524
-5.77566
-5.69992
-5.62518
-5.55142
-5.47863
-5.40679
-5.33589
-5.26592
-5.19687
-5.12873
-5.06147
-4.9951
-4.9296
-4.86496
-4.80117
-4.73822
-4.67608
-4.61477
-4.55426
-4.49454
-4.4356
-4.37744
-4.32004
-4.26339
-4.20749
-4.15232
-4.09787
-4.04413
-3.9911
-3.93877
-3.88712
-3.83615
-3.78585
-3.73621
-3.68722
-3.63887
-3.59115
-3.54406
-3.49759
-3.45173
-3.40646
-3.3618
-3.31771
-3.27421
-3.23128
-3.18891
-3.14709
-3.10582
-3.0651
-3.02491
-2.98524
-2.9461
-2.90747
-2.86934
-2.83172
-2.79459
-2.75794
-2.72178
-2.68609
-2.65087
-2.61611
-2.5818
-2.54795
-2.51454
-2.48156
-2.44902
-2.41691
-2.38522
-2.35394
-2.32308
-2.29261
-2.26255
-2.23288
-2.2036
-2.17471
-2.14619
-2.11805
-2.09028
-2.06287
-2.03582
-2.00912
-1.98278
-1.95678
-1.93112
-1.9058
-1.88081
-1.85614
-1.83181
-1.80779
