-654.932
-794.987
-962.53
-1102
-1195.02
-1243.62
-1258.38
-1251.35
-1232.63
-1209.26
-1185.4
-1163.04
-1142.78
-1124.48
-1107.69
-1091.95
-1076.86
-1062.14
-1047.65
-1033.32
-1019.1
-1005.02
-991.093
-977.325
-963.733
-950.324
-937.101
-924.065
-911.212
-898.541
-886.047
-873.728
-861.582
-849.604
-837.793
-826.145
-814.66
-803.334
-792.166
-781.153
-770.293
-759.584
-749.024
-738.61
-728.342
-718.216
-708.231
-698.385
-688.675
-679.101
-669.66
-660.35
-651.169
-642.116
-633.189
-624.386
-615.706
-607.146
-598.705
-590.381
-582.174
-574.08
-566.099
-558.228
-550.468
-542.815
-535.268
-527.827
-520.488
-513.252
-506.117
-499.08
-492.142
-485.3
-478.553
-471.9
-465.339
-458.87
-452.49
-446.2
-439.996
-433.879
-427.847
-421.899
-416.034
-410.25
-404.546
-398.922
-393.376
-387.907
-382.514
-377.196
-371.952
-366.781
-361.682
-356.654
-351.695
-346.806
-341.984
-337.23
-332.541
-327.918
-323.359
-318.864
-314.431
-310.059
-305.749
-301.498
-297.306
-293.173
-289.097
-285.078
-281.115
-277.207
-273.353
-269.552
-265.805
-262.11
-258.466
-254.872
-251.329
-247.835
-244.389
-240.992
-237.641
-234.337
-231.079
-227.867
-224.699
-221.575
-218.495
-215.457
-212.461
-209.508
-206.595
-203.723
-200.891
-198.098
-195.344
-192.628
-189.95
-187.309
-184.705
-182.137
-179.605
-177.108
-174.646
-172.218
-169.823
-167.462
-165.134
-162.838
-160.575
-158.342
-156.141
-153.97
-151.829
-149.719
-147.637
-145.585
-143.561
-141.565
-139.597
-137.656
-135.742
-133.855
-131.994
-130.159
-128.349
-126.565
-124.806
-123.07
-121.359
-119.672
-118.008
-116.368
-114.75
-113.155
-111.582
-110.03
-108.501
-106.992
-105.505
-104.038
-102.592
-101.165
-99.7588
-98.3719
-97.0042
-95.6556
-94.3258
-93.0144
-91.7213
-90.4461
-89.1887
-87.9487
-86.726
-85.5203
-84.3313
-83.1589
-82.0028
-80.8627
-79.7385
-78.63
-77.5368
-76.4589
-75.3959
-74.3477
-73.3141
-72.2948
-71.2897
-70.2986
-69.3213
-68.3575
-67.4072
-66.4701
-65.546
-64.6347
-63.7361
-62.85
-61.9762
-61.1146
-60.265
-59.4271
-58.6009
-57.7862
-56.9829
-56.1907
-55.4095
-54.6391
-53.8795
-53.1304
-52.3918
-51.6634
-50.9452
-50.2369
-49.5385
-48.8498
-48.1706
-47.5009
-46.8405
-46.1893
-45.5472
-44.914
-44.2895
-43.6738
-43.0666
-42.4679
-41.8775
-41.2953
-40.7212
-40.155
-39.5968
-39.0463
-38.5034
-37.9681
-37.4403
-36.9198
-36.4065
-35.9003
-35.4012
-34.9091
-34.4237
-33.9452
-33.4732
-33.0079
-32.549
-32.0965
-31.6502
-31.2102
-30.7763
-30.3485
-29.9265
-29.5105
-29.1002
-28.6956
-28.2967
-27.9033
-27.5154
-27.1328
-26.7556
-26.3836
-26.0168
-25.6551
-25.2985
-24.9468
-24.5999
-24.2579
-23.9207
-23.5881
-23.2602
-22.9368
-22.6179
-22.3035
-21.9934
-21.6876
-21.3861
-21.0888
-20.7956
-20.5065
-20.2214
-19.9403
-19.6631
-19.3897
-19.1201
-18.8543
-18.5922
-18.3337
-18.0788
-17.8275
-17.5796
-17.3352
-17.0942
-16.8566
-16.6222
-16.3911
-16.1633
-15.9385
-15.717
-15.4985
-15.283
-15.0705
-14.861
-14.6544
-14.4507
-14.2498
-14.0516
-13.8563
-13.6637
-13.4737
-13.2864
-13.1017
-12.9195
-12.7399
-12.5628
-12.3881
-12.2159
-12.0461
-11.8786
-11.7135
-11.5506
-11.39
-11.2317
-11.0755
-10.9215
-10.7697
-10.62
-10.4723
-10.3267
-10.1832
-10.0416
-9.902
-9.76434
-9.62859
-9.49472
-9.36272
-9.23256
-9.1042
-8.97763
-8.85282
-8.72974
-8.60837
-8.4887
-8.37068
-8.25431
-8.13955
-8.02639
-7.9148
-7.80477
-7.69626
-7.58926
-7.48375
-7.37971
-7.27711
-7.17594
-7.07618
-6.9778
-6.88079
-6.78513
-6.6908
-6.59778
-6.50605
-6.4156
-6.32641
-6.23846
-6.15173
-6.0662
-5.98187
-5.8987
-5.8167
-5.73583
-5.65609
-5.57745
-5.49991
-5.42345
-5.34805
-5.2737
-5.20038
-5.12808
-5.05679
-4.98648
-4.91716
-4.8488
-4.78139
-4.71491
-4.64936
-4.58473
-4.52099
-4.45813
-4.39615
-4.33504
-4.27477
-4.21534
-4.15673
-4.09894
-4.04196
-3.98577
-3.93035
-3.87571
-3.82183
-3.7687
-3.7163
-3.66463
-3.61369
-3.56345
-3.51391
-3.46505
-3.41688
-3.36938
-3.32253
-3.27634
-3.23079
-3.18588
-3.14158
-3.09791
-3.05484
-3.01237
-2.97049
-2.92919
-2.88847
-2.84831
-2.80871
-2.76966
-2.73116
-2.69319
-2.65575
-2.61883
-2.58242
-2.54651
-2.51111
-2.4762
-2.44178
-2.40783
-2.37435
-2.34134
-2.30879
-2.27669
-2.24504
-2.21383
-2.18305
-2.1527
-2.12277
-2.09326
-2.06416
-2.03546
-2.00717
-1.97926
-1.95174
-1.92461
-1.89785
-1.87147
-1.84545
-1.81979
-1.79449
-1.76955
-1.74494
-1.72068
-1.69676
-1.67317
-1.64991
-1.62697
-1.60436
-1.58205
-1.56006
-1.53837
-1.51698
-1.49589
-1.47509
-1.45459
-1.43436
-1.41442
-1.39476
-1.37537
-1.35625
-1.33739
-1.3188
-1.30046
-1.28238
-1.26455
-1.24697
