0	0	0	0.174533	-0.349066	0.174533	0	0	0	0	0.174533	-0.349066	0.174533	0	0	0	0	0	0	0	0	0	0	0.872665	0	0	0	0	0.872665	0
0	0	0	0.174533	-0.349066	0.174533	0	0	0	0	0.174533	-0.349066	0.174533	0	0	0	0	0	0	0	0	0	0	0.872664	0	0	0	0	0.872664	0
0	0	0	0.174534	-0.349068	0.174535	0	0	0	0	0.174534	-0.349068	0.174535	0	0	0	0	0	0	0	0	0	0	0.872664	0	0	0	0	0.872664	0
0	0	0	0.174537	-0.349074	0.174539	0	0	0	0	0.174537	-0.349074	0.174539	0	0	0	-0.000001	0	0	0	0	0	0	0.872661	0	0	0	0	0.872661	0
0	0	0	0.174543	-0.349086	0.174546	0	0	0	0	0.174543	-0.349086	0.174546	0	0	0	-0.000002	0	0	0	0	0	0	0.872656	0	0	0	0	0.872656	0
0	0	0	0.174553	-0.349105	0.174559	0	0	0	0	0.174553	-0.349105	0.174559	0	0	0	-0.000003	0	0	0	0	0	0	0.872648	0	0	0	0	0.872648	0
0	0	0	0.174567	-0.349134	0.174578	0	0	0	0	0.174567	-0.349134	0.174578	0	0	0	-0.000006	0	0	0	0	0	0	0.872636	0	0	0	0	0.872636	0
0	0	0	0.174587	-0.349174	0.174605	0	0	0	0	0.174587	-0.349174	0.174605	0	0	0	-0.000009	0	0	0	0	0	0	0.87262	0	0	0	0	0.87262	0
0	0	0	0.174613	-0.349226	0.17464	0	0	0	0	0.174613	-0.349226	0.17464	0	0	0	-0.000013	0	0	0	0	0	0	0.872598	0	0	0	0	0.872598	0
0	0	0	0.174647	-0.349294	0.174685	0	0	0	0	0.174647	-0.349294	0.174685	0	0	0	-0.000019	0	0	0	0	0	0	0.87257	0	0	0	0	0.87257	0
0	0	0	0.174689	-0.349378	0.174741	0	0	0	0	0.174689	-0.349378	0.174741	0	0	0	-0.000026	0	0	0	0	0	0	0.872535	0	0	0	0	0.872535	0
0	0	0	0.17474	-0.34948	0.174809	0	0	0	0	0.17474	-0.34948	0.174809	0	0	0	-0.000034	0	0	0	0	0	0	0.872492	0	0	0	0	0.872492	0
0	0	0	0.174801	-0.349602	0.17489	0	0	0	0	0.174801	-0.349602	0.17489	0	0	0	-0.000045	0	0	0	0	0	0	0.872441	0	0	0	0	0.872441	0
0	0	0	0.174873	-0.349745	0.174986	0	0	0	0	0.174873	-0.349745	0.174986	0	0	0	-0.000057	0	0	0	0	0	0	0.872382	0	0	0	0	0.872382	0
0	0	0	0.174956	-0.349912	0.175097	0	0	0	0	0.174956	-0.349912	0.175097	0	0	0	-0.00007	0	0	0	0	0	0	0.872312	0	0	0	0	0.872312	0
0	0	0	0.175052	-0.350103	0.175225	0	0	0	0	0.175052	-0.350103	0.175225	0	0	0	-0.000086	0	0	0	0	0	0	0.872232	0	0	0	0	0.872232	0
0	0	0	0.175161	-0.350322	0.17537	0	0	0	0	0.175161	-0.350322	0.17537	0	0	0	-0.000105	0	0	0	0	0	0	0.872141	0	0	0	0	0.872141	0
0	0	0	0.175284	-0.350568	0.175534	0	0	0	0	0.175284	-0.350568	0.175534	0	0	0	-0.000125	0	0	0	0	0	0	0.872039	0	0	0	0	0.872039	0
0	0	0	0.175422	-0.350844	0.175718	0	0	0	0	0.175422	-0.350844	0.175718	0	0	0	-0.000148	0	0	0	0	0	0	0.871924	0	0	0	0	0.871924	0
0	0	0	0.175576	-0.351151	0.175923	0	0	0	0	0.175576	-0.351151	0.175923	0	0	0	-0.000174	0	0	0	0	0	0	0.871796	0	0	0	0	0.871796	0
0	0	0	0.175746	-0.351491	0.17615	0	0	0	0	0.175746	-0.351491	0.17615	0	0	0	-0.000202	0	0	0	0	0	0	0.871654	0	0	0	0	0.871654	0
0	0	0	0.175933	-0.351865	0.176399	0	0	0	0	0.175933	-0.351865	0.176399	0	0	0	-0.000233	0	0	0	0	0	0	0.871498	0	0	0	0	0.871498	0
0	0	0	0.176138	-0.352276	0.176673	0	0	0	0	0.176138	-0.352276	0.176673	0	0	0	-0.000267	0	0	0	0	0	0	0.871327	0	0	0	0	0.871327	0
0	0	0	0.176362	-0.352723	0.176971	0	0	0	0	0.176362	-0.352723	0.176971	0	0	0	-0.000305	0	0	0	0	0	0	0.871141	0	0	0	0	0.871141	0
0	0	0	0.176605	-0.353209	0.177295	0	0	0	0	0.176605	-0.353209	0.177295	0	0	0	-0.000345	0	0	0	0	0	0	0.870938	0	0	0	0	0.870938	0
0	0	0	0.176868	-0.353736	0.177646	0	0	0	0	0.176868	-0.353736	0.177646	0	0	0	-0.000389	0	0	0	0	0	0	0.870719	0	0	0	0	0.870719	0
0	0	0	0.177152	-0.354304	0.178025	0	0	0	0	0.177152	-0.354304	0.178025	0	0	0	-0.000436	0	0	0	0	0	0	0.870482	0	0	0	0	0.870482	0
0	0	0	0.177457	-0.354915	0.178432	0	0	0	0	0.177457	-0.354915	0.178432	0	0	0	-0.000487	0	0	0	0	0	0	0.870228	0	0	0	0	0.870228	0
0	0	0	0.177785	-0.35557	0.178869	0	0	0	0	0.177785	-0.35557	0.178869	0	0	0	-0.000542	0	0	0	0	0	0	0.869954	0	0	0	0	0.869954	0
0	0	0	0.178136	-0.356272	0.179337	0	0	0	0	0.178136	-0.356272	0.179337	0	0	0	-0.0006	0	0	0	0	0	0	0.869662	0	0	0	0	0.869662	0
0	0	0	0.17851	-0.35702	0.179836	0	0	0	0	0.17851	-0.35702	0.179836	0	0	0	-0.000663	0	0	0	0	0	0	0.86935	0	0	0	0	0.86935	0
0	0	0	0.178908	-0.357817	0.180367	0	0	0	0	0.178908	-0.357817	0.180367	0	0	0	-0.000729	0	0	0	0	0	0	0.869019	0	0	0	0	0.869019	0
0	0	0	0.179331	-0.358663	0.180931	0	0	0	0	0.179331	-0.358663	0.180931	0	0	0	-0.0008	0	0	0	0	0	0	0.868666	0	0	0	0	0.868666	0
0	0	0	0.17978	-0.35956	0.181529	0	0	0	0	0.17978	-0.35956	0.181529	0	0	0	-0.000875	0	0	0	0	0	0	0.868292	0	0	0	0	0.868292	0
0	0	0	0.180255	-0.36051	0.182162	0	0	0	0	0.180255	-0.36051	0.182162	0	0	0	-0.000954	0	0	0	0	0	0	0.867896	0	0	0	0	0.867896	0
0	0	0	0.180756	-0.361513	0.182831	0	0	0	0	0.180756	-0.361513	0.182831	0	0	0	-0.001037	0	0	0	0	0	0	0.867478	0	0	0	0	0.867478	0
0	0	0	0.181285	-0.362571	0.183536	0	0	0	0	0.181285	-0.362571	0.183536	0	0	0	-0.001125	0	0	0	0	0	0	0.867038	0	0	0	0	0.867038	0
0	0	0	0.181842	-0.363684	0.184278	0	0	0	0	0.181842	-0.363684	0.184278	0	0	0	-0.001218	0	0	0	0	0	0	0.866574	0	0	0	0	0.866574	0
0	0	0	0.182427	-0.364855	0.185059	0	0	0	0	0.182427	-0.364855	0.185059	0	0	0	-0.001316	0	0	0	0	0	0	0.866086	0	0	0	0	0.866086	0
0	0	0	0.183042	-0.366084	0.185878	0	0	0	0	0.183042	-0.366084	0.185878	0	0	0	-0.001418	0	0	0	0	0	0	0.865574	0	0	0	0	0.865574	0
0	0	0	0.183686	-0.367372	0.186737	0	0	0	0	0.183686	-0.367372	0.186737	0	0	0	-0.001525	0	0	0	0	0	0	0.865037	0	0	0	0	0.865037	0
0	0	0	0.18436	-0.36872	0.187636	0	0	0	0	0.18436	-0.36872	0.187636	0	0	0	-0.001638	0	0	0	0	0	0	0.864475	0	0	0	0	0.864475	0
0	0	0	0.185065	-0.37013	0.188576	0	0	0	0	0.185065	-0.37013	0.188576	0	0	0	-0.001755	0	0	0	0	0	0	0.863888	0	0	0	0	0.863888	0
0	0	0	0.185801	-0.371603	0.189558	0	0	0	0	0.185801	-0.371603	0.189558	0	0	0	-0.001878	0	0	0	0	0	0	0.863274	0	0	0	0	0.863274	0
0	0	0	0.18657	-0.373139	0.190582	0	0	0	0	0.18657	-0.373139	0.190582	0	0	0	-0.002006	0	0	0	0	0	0	0.862634	0	0	0	0	0.862634	0
0	0	0	0.18737	-0.37474	0.191649	0	0	0	0	0.18737	-0.37474	0.191649	0	0	0	-0.00214	0	0	0	0	0	0	0.861967	0	0	0	0	0.861967	0
0	0	0	0.188203	-0.376407	0.19276	0	0	0	0	0.188203	-0.376407	0.19276	0	0	0	-0.002278	0	0	0	0	0	0	0.861273	0	0	0	0	0.861273	0
0	0	0	0.18907	-0.37814	0.193916	0	0	0	0	0.18907	-0.37814	0.193916	0	0	0	-0.002423	0	0	0	0	0	0	0.86055	0	0	0	0	0.86055	0
0	0	0	0.18997	-0.379941	0.195116	0	0	0	0	0.18997	-0.379941	0.195116	0	0	0	-0.002573	0	0	0	0	0	0	0.8598	0	0	0	0	0.8598	0
0	0	0	0.190905	-0.38181	0.196362	0	0	0	0	0.190905	-0.38181	0.196362	0	0	0	-0.002729	0	0	0	0	0	0	0.859021	0	0	0	0	0.859021	0
0	0	0	0.191874	-0.383749	0.197655	0	0	0	0	0.191874	-0.383749	0.197655	0	0	0	-0.00289	0	0	0	0	0	0	0.858213	0	0	0	0	0.858213	0
0	0	0	0.192879	-0.385758	0.198994	0	0	0	0	0.192879	-0.385758	0.198994	0	0	0	-0.003058	0	0	0	0	0	0	0.857376	0	0	0	0	0.857376	0
0	0	0	0.193919	-0.387839	0.200382	0	0	0	0	0.193919	-0.387839	0.200382	0	0	0	-0.003231	0	0	0	0	0	0	0.856509	0	0	0	0	0.856509	0
0	0	0	0.194996	-0.389991	0.201817	0	0	0	0	0.194996	-0.389991	0.201817	0	0	0	-0.00341	0	0	0	0	0	0	0.855612	0	0	0	0	0.855612	0
0	0	0	0.196109	-0.392217	0.2033	0	0	0	0	0.196109	-0.392217	0.2033	0	0	0	-0.003596	0	0	0	0	0	0	0.854685	0	0	0	0	0.854685	0
0	0	0	0.197258	-0.394517	0.204833	0	0	0	0	0.197258	-0.394517	0.204833	0	0	0	-0.003788	0	0	0	0	0	0	0.853727	0	0	0	0	0.853727	0
0	0	0	0.198445	-0.396891	0.206416	0	0	0	0	0.198445	-0.396891	0.206416	0	0	0	-0.003985	0	0	0	0	0	0	0.852738	0	0	0	0	0.852738	0
0	0	0	0.19967	-0.39934	0.208049	0	0	0	0	0.19967	-0.39934	0.208049	0	0	0	-0.00419	0	0	0	0	0	0	0.851717	0	0	0	0	0.851717	0
0	0	0	0.200933	-0.401866	0.209733	0	0	0	0	0.200933	-0.401866	0.209733	0	0	0	-0.0044	0	0	0	0	0	0	0.850665	0	0	0	0	0.850665	0
0	0	0	0.202234	-0.404468	0.211468	0	0	0	0	0.202234	-0.404468	0.211468	0	0	0	-0.004617	0	0	0	0	0	0	0.84958	0	0	0	0	0.84958	0
0	0	0	0.203574	-0.407148	0.213255	0	0	0	0	0.203574	-0.407148	0.213255	0	0	0	-0.00484	0	0	0	0	0	0	0.848464	0	0	0	0	0.848464	0
0	0	0	0.204953	-0.409907	0.215094	0	0	0	0	0.204953	-0.409907	0.215094	0	0	0	-0.00507	0	0	0	0	0	0	0.847314	0	0	0	0	0.847314	0
0	0	0	0.206372	-0.412744	0.216985	0	0	0	0	0.206372	-0.412744	0.216985	0	0	0	-0.005307	0	0	0	0	0	0	0.846132	0	0	0	0	0.846132	0
0	0	0	0.207831	-0.415661	0.21893	0	0	0	0	0.207831	-0.415661	0.21893	0	0	0	-0.00555	0	0	0	0	0	0	0.844917	0	0	0	0	0.844917	0
0	0	0	0.209329	-0.418659	0.220928	0	0	0	0	0.209329	-0.418659	0.220928	0	0	0	-0.005799	0	0	0	0	0	0	0.843668	0	0	0	0	0.843668	0
0	0	0	0.210868	-0.421737	0.22298	0	0	0	0	0.210868	-0.421737	0.22298	0	0	0	-0.006056	0	0	0	0	0	0	0.842385	0	0	0	0	0.842385	0
0	0	0	0.212448	-0.424896	0.225087	0	0	0	0	0.212448	-0.424896	0.225087	0	0	0	-0.006319	0	0	0	0	0	0	0.841069	0	0	0	0	0.841069	0
0	0	0	0.214069	-0.428138	0.227248	0	0	0	0	0.214069	-0.428138	0.227248	0	0	0	-0.006589	0	0	0	0	0	0	0.839718	0	0	0	0	0.839718	0
0	0	0	0.215731	-0.431463	0.229464	0	0	0	0	0.215731	-0.431463	0.229464	0	0	0	-0.006866	0	0	0	0	0	0	0.838333	0	0	0	0	0.838333	0
0	0	0	0.217435	-0.43487	0.231736	0	0	0	0	0.217435	-0.43487	0.231736	0	0	0	-0.00715	0	0	0	0	0	0	0.836913	0	0	0	0	0.836913	0
0	0	0	0.219181	-0.438361	0.234063	0	0	0	0	0.219181	-0.438361	0.234063	0	0	0	-0.007441	0	0	0	0	0	0	0.835458	0	0	0	0	0.835458	0
0	0	0	0.220968	-0.441937	0.236447	0	0	0	0	0.220968	-0.441937	0.236447	0	0	0	-0.007739	0	0	0	0	0	0	0.833968	0	0	0	0	0.833968	0
0	0	0	0.222798	-0.445597	0.238887	0	0	0	0	0.222798	-0.445597	0.238887	0	0	0	-0.008044	0	0	0	0	0	0	0.832443	0	0	0	0	0.832443	0
0	0	0	0.224671	-0.449342	0.241384	0	0	0	0	0.224671	-0.449342	0.241384	0	0	0	-0.008356	0	0	0	0	0	0	0.830883	0	0	0	0	0.830883	0
0	0	0	0.226586	-0.453173	0.243937	0	0	0	0	0.226586	-0.453173	0.243937	0	0	0	-0.008676	0	0	0	0	0	0	0.829287	0	0	0	0	0.829287	0
0	0	0	0.228545	-0.457089	0.246548	0	0	0	0	0.228545	-0.457089	0.246548	0	0	0	-0.009002	0	0	0	0	0	0	0.827655	0	0	0	0	0.827655	0
0	0	0	0.230546	-0.461092	0.249217	0	0	0	0	0.230546	-0.461092	0.249217	0	0	0	-0.009336	0	0	0	0	0	0	0.825987	0	0	0	0	0.825987	0
0	0	0	0.232591	-0.465182	0.251943	0	0	0	0	0.232591	-0.465182	0.251943	0	0	0	-0.009676	0	0	0	0	0	0	0.824283	0	0	0	0	0.824283	0
0	0	0	0.234679	-0.469358	0.254728	0	0	0	0	0.234679	-0.469358	0.254728	0	0	0	-0.010024	0	0	0	0	0	0	0.822543	0	0	0	0	0.822543	0
0	0	0	0.236811	-0.473622	0.25757	0	0	0	0	0.236811	-0.473622	0.25757	0	0	0	-0.01038	0	0	0	0	0	0	0.820766	0	0	0	0	0.820766	0
0	0	0	0.238987	-0.477974	0.260472	0	0	0	0	0.238987	-0.477974	0.260472	0	0	0	-0.010742	0	0	0	0	0	0	0.818953	0	0	0	0	0.818953	0
0	0	0	0.241207	-0.482413	0.263431	0	0	0	0	0.241207	-0.482413	0.263431	0	0	0	-0.011112	0	0	0	0	0	0	0.817103	0	0	0	0	0.817103	0
0	0	0	0.243471	-0.486941	0.26645	0	0	0	0	0.243471	-0.486941	0.26645	0	0	0	-0.01149	0	0	0	0	0	0	0.815217	0	0	0	0	0.815217	0
0	0	0	0.245779	-0.491558	0.269527	0	0	0	0	0.245779	-0.491558	0.269527	0	0	0	-0.011874	0	0	0	0	0	0	0.813293	0	0	0	0	0.813293	0
0	0	0	0.248131	-0.496263	0.272664	0	0	0	0	0.248131	-0.496263	0.272664	0	0	0	-0.012266	0	0	0	0	0	0	0.811333	0	0	0	0	0.811333	0
0	0	0	0.250528	-0.501056	0.27586	0	0	0	0	0.250528	-0.501056	0.27586	0	0	0	-0.012666	0	0	0	0	0	0	0.809335	0	0	0	0	0.809335	0
0	0	0	0.25297	-0.50594	0.279115	0	0	0	0	0.25297	-0.50594	0.279115	0	0	0	-0.013073	0	0	0	0	0	0	0.807301	0	0	0	0	0.807301	0
0	0	0	0.255456	-0.510912	0.28243	0	0	0	0	0.255456	-0.510912	0.28243	0	0	0	-0.013487	0	0	0	0	0	0	0.805229	0	0	0	0	0.805229	0
0	0	0	0.257987	-0.515973	0.285805	0	0	0	0	0.257987	-0.515973	0.285805	0	0	0	-0.013909	0	0	0	0	0	0	0.80312	0	0	0	0	0.80312	0
0	0	0	0.260562	-0.521125	0.289239	0	0	0	0	0.260562	-0.521125	0.289239	0	0	0	-0.014338	0	0	0	0	0	0	0.800973	0	0	0	0	0.800973	0
0	0	0	0.263183	-0.526366	0.292733	0	0	0	0	0.263183	-0.526366	0.292733	0	0	0	-0.014775	0	0	0	0	0	0	0.79879	0	0	0	0	0.79879	0
0	0	0	0.265848	-0.531696	0.296286	0	0	0	0	0.265848	-0.531696	0.296286	0	0	0	-0.015219	0	0	0	0	0	0	0.796569	0	0	0	0	0.796569	0
0	0	0	0.268558	-0.537116	0.2999	0	0	0	0	0.268558	-0.537116	0.2999	0	0	0	-0.015671	0	0	0	0	0	0	0.79431	0	0	0	0	0.79431	0
0	0	0	0.271313	-0.542627	0.303573	0	0	0	0	0.271313	-0.542627	0.303573	0	0	0	-0.01613	0	0	0	0	0	0	0.792014	0	0	0	0	0.792014	0
0	0	0	0.274113	-0.548227	0.307307	0	0	0	0	0.274113	-0.548227	0.307307	0	0	0	-0.016597	0	0	0	0	0	0	0.789681	0	0	0	0	0.789681	0
0	0	0	0.276958	-0.553916	0.3111	0	0	0	0	0.276958	-0.553916	0.3111	0	0	0	-0.017071	0	0	0	0	0	0	0.78731	0	0	0	0	0.78731	0
0	0	0	0.279848	-0.559696	0.314953	0	0	0	0	0.279848	-0.559696	0.314953	0	0	0	-0.017553	0	0	0	0	0	0	0.784902	0	0	0	0	0.784902	0
0	0	0	0.282783	-0.565565	0.318866	0	0	0	0	0.282783	-0.565565	0.318866	0	0	0	-0.018042	0	0	0	0	0	0	0.782456	0	0	0	0	0.782456	0
0	0	0	0.285762	-0.571525	0.322839	0	0	0	0	0.285762	-0.571525	0.322839	0	0	0	-0.018538	0	0	0	0	0	0	0.779973	0	0	0	0	0.779973	0
0	0	0	0.288787	-0.577573	0.326871	0	0	0	0	0.288787	-0.577573	0.326871	0	0	0	-0.019042	0	0	0	0	0	0	0.777453	0	0	0	0	0.777453	0
0	0	0	0.291856	-0.583712	0.330963	0	0	0	0	0.291856	-0.583712	0.330963	0	0	0	-0.019554	0	0	0	0	0	0	0.774896	0	0	0	0	0.774896	0
0	0	0	0.29497	-0.589939	0.335115	0	0	0	0	0.29497	-0.589939	0.335115	0	0	0	-0.020073	0	0	0	0	0	0	0.772301	0	0	0	0	0.772301	0
0	0	0	0.298128	-0.596256	0.339327	0	0	0	0	0.298128	-0.596256	0.339327	0	0	0	-0.020599	0	0	0	0	0	0	0.769669	0	0	0	0	0.769669	0
0	0	0	0.301331	-0.602662	0.343597	0	0	0	0	0.301331	-0.602662	0.343597	0	0	0	-0.021133	0	0	0	0	0	0	0.766999	0	0	0	0	0.766999	0
0	0	0	0.304579	-0.609157	0.347927	0	0	0	0	0.304579	-0.609157	0.347927	0	0	0	-0.021674	0	0	0	0	0	0	0.764293	0	0	0	0	0.764293	0
0	0	0	0.30787	-0.615741	0.352316	0	0	0	0	0.30787	-0.615741	0.352316	0	0	0	-0.022223	0	0	0	0	0	0	0.76155	0	0	0	0	0.76155	0
0	0	0	0.311207	-0.622413	0.356764	0	0	0	0	0.311207	-0.622413	0.356764	0	0	0	-0.022779	0	0	0	0	0	0	0.75877	0	0	0	0	0.75877	0
0	0	0	0.314587	-0.629173	0.361271	0	0	0	0	0.314587	-0.629173	0.361271	0	0	0	-0.023342	0	0	0	0	0	0	0.755953	0	0	0	0	0.755953	0
0	0	0	0.318011	-0.636022	0.365837	0	0	0	0	0.318011	-0.636022	0.365837	0	0	0	-0.023913	0	0	0	0	0	0	0.7531	0	0	0	0	0.7531	0
0	0	0	0.321479	-0.642958	0.370461	0	0	0	0	0.321479	-0.642958	0.370461	0	0	0	-0.024491	0	0	0	0	0	0	0.75021	0	0	0	0	0.75021	0
0	0	0	0.324991	-0.649981	0.375143	0	0	0	0	0.324991	-0.649981	0.375143	0	0	0	-0.025076	0	0	0	0	0	0	0.747283	0	0	0	0	0.747283	0
0	0	0	0.328546	-0.657091	0.379883	0	0	0	0	0.328546	-0.657091	0.379883	0	0	0	-0.025669	0	0	0	0	0	0	0.744321	0	0	0	0	0.744321	0
0	0	0	0.332144	-0.664289	0.384681	0	0	0	0	0.332144	-0.664289	0.384681	0	0	0	-0.026269	0	0	0	0	0	0	0.741322	0	0	0	0	0.741322	0
0	0	0	0.335786	-0.671572	0.389537	0	0	0	0	0.335786	-0.671572	0.389537	0	0	0	-0.026876	0	0	0	0	0	0	0.738287	0	0	0	0	0.738287	0
0	0	0	0.339471	-0.678941	0.39445	0	0	0	0	0.339471	-0.678941	0.39445	0	0	0	-0.02749	0	0	0	0	0	0	0.735216	0	0	0	0	0.735216	0
0	0	0	0.343198	-0.686396	0.39942	0	0	0	0	0.343198	-0.686396	0.39942	0	0	0	-0.028111	0	0	0	0	0	0	0.73211	0	0	0	0	0.73211	0
0	0	0	0.346968	-0.693936	0.404446	0	0	0	0	0.346968	-0.693936	0.404446	0	0	0	-0.028739	0	0	0	0	0	0	0.728969	0	0	0	0	0.728969	0
0	0	0	0.35078	-0.701561	0.40953	0	0	0	0	0.35078	-0.701561	0.40953	0	0	0	-0.029375	0	0	0	0	0	0	0.725792	0	0	0	0	0.725792	0
0	0	0	0.354635	-0.70927	0.414669	0	0	0	0	0.354635	-0.70927	0.414669	0	0	0	-0.030017	0	0	0	0	0	0	0.72258	0	0	0	0	0.72258	0
0	0	0	0.358531	-0.717062	0.419864	0	0	0	0	0.358531	-0.717062	0.419864	0	0	0	-0.030666	0	0	0	0	0	0	0.719333	0	0	0	0	0.719333	0
0	0	0	0.362469	-0.724938	0.425114	0	0	0	0	0.362469	-0.724938	0.425114	0	0	0	-0.031323	0	0	0	0	0	0	0.716051	0	0	0	0	0.716051	0
0	0	0	0.366448	-0.732896	0.43042	0	0	0	0	0.366448	-0.732896	0.43042	0	0	0	-0.031986	0	0	0	0	0	0	0.712735	0	0	0	0	0.712735	0
0	0	0	0.370468	-0.740936	0.43578	0	0	0	0	0.370468	-0.740936	0.43578	0	0	0	-0.032656	0	0	0	0	0	0	0.709385	0	0	0	0	0.709385	0
0	0	0	0.374529	-0.749058	0.441194	0	0	0	0	0.374529	-0.749058	0.441194	0	0	0	-0.033333	0	0	0	0	0	0	0.706001	0	0	0	0	0.706001	0
0	0	0	0.37863	-0.75726	0.446663	0	0	0	0	0.37863	-0.75726	0.446663	0	0	0	-0.034016	0	0	0	0	0	0	0.702584	0	0	0	0	0.702584	0
0	0	0	0.382772	-0.765543	0.452185	0	0	0	0	0.382772	-0.765543	0.452185	0	0	0	-0.034706	0	0	0	0	0	0	0.699132	0	0	0	0	0.699132	0
0	0	0	0.386953	-0.773906	0.45776	0	0	0	0	0.386953	-0.773906	0.45776	0	0	0	-0.035403	0	0	0	0	0	0	0.695648	0	0	0	0	0.695648	0
0	0	0	0.391174	-0.782348	0.463387	0	0	0	0	0.391174	-0.782348	0.463387	0	0	0	-0.036107	0	0	0	0	0	0	0.692131	0	0	0	0	0.692131	0
0	0	0	0.395434	-0.790867	0.469067	0	0	0	0	0.395434	-0.790867	0.469067	0	0	0	-0.036817	0	0	0	0	0	0	0.688581	0	0	0	0	0.688581	0
0	0	0	0.399732	-0.799465	0.474799	0	0	0	0	0.399732	-0.799465	0.474799	0	0	0	-0.037533	0	0	0	0	0	0	0.684998	0	0	0	0	0.684998	0
0	0	0	0.40407	-0.808139	0.480582	0	0	0	0	0.40407	-0.808139	0.480582	0	0	0	-0.038256	0	0	0	0	0	0	0.681384	0	0	0	0	0.681384	0
0	0	0	0.408445	-0.81689	0.486415	0	0	0	0	0.408445	-0.81689	0.486415	0	0	0	-0.038985	0	0	0	0	0	0	0.677738	0	0	0	0	0.677738	0
0	0	0	0.412858	-0.825716	0.492299	0	0	0	0	0.412858	-0.825716	0.492299	0	0	0	-0.039721	0	0	0	0	0	0	0.674061	0	0	0	0	0.674061	0
0	0	0	0.417308	-0.834616	0.498233	0	0	0	0	0.417308	-0.834616	0.498233	0	0	0	-0.040463	0	0	0	0	0	0	0.670352	0	0	0	0	0.670352	0
0	0	0	0.421795	-0.84359	0.504216	0	0	0	0	0.421795	-0.84359	0.504216	0	0	0	-0.04121	0	0	0	0	0	0	0.666613	0	0	0	0	0.666613	0
0	0	0	0.426319	-0.852638	0.510247	0	0	0	0	0.426319	-0.852638	0.510247	0	0	0	-0.041964	0	0	0	0	0	0	0.662843	0	0	0	0	0.662843	0
0	0	0	0.430879	-0.861757	0.516327	0	0	0	0	0.430879	-0.861757	0.516327	0	0	0	-0.042724	0	0	0	0	0	0	0.659043	0	0	0	0	0.659043	0
0	0	0	0.435474	-0.870948	0.522454	0	0	0	0	0.435474	-0.870948	0.522454	0	0	0	-0.04349	0	0	0	0	0	0	0.655214	0	0	0	0	0.655214	0
0	0	0	0.440104	-0.880209	0.528628	0	0	0	0	0.440104	-0.880209	0.528628	0	0	0	-0.044262	0	0	0	0	0	0	0.651355	0	0	0	0	0.651355	0
0	0	0	0.44477	-0.889539	0.534849	0	0	0	0	0.44477	-0.889539	0.534849	0	0	0	-0.045039	0	0	0	0	0	0	0.647467	0	0	0	0	0.647467	0
0	0	0	0.449469	-0.898939	0.541115	0	0	0	0	0.449469	-0.898939	0.541115	0	0	0	-0.045823	0	0	0	0	0	0	0.643551	0	0	0	0	0.643551	0
0	0	0	0.454203	-0.908405	0.547426	0	0	0	0	0.454203	-0.908405	0.547426	0	0	0	-0.046612	0	0	0	0	0	0	0.639607	0	0	0	0	0.639607	0
0	0	0	0.458969	-0.917939	0.553781	0	0	0	0	0.458969	-0.917939	0.553781	0	0	0	-0.047406	0	0	0	0	0	0	0.635634	0	0	0	0	0.635634	0
0	0	0	0.463769	-0.927538	0.560181	0	0	0	0	0.463769	-0.927538	0.560181	0	0	0	-0.048206	0	0	0	0	0	0	0.631635	0	0	0	0	0.631635	0
0	0	0	0.468601	-0.937201	0.566623	0	0	0	0	0.468601	-0.937201	0.566623	0	0	0	-0.049011	0	0	0	0	0	0	0.627608	0	0	0	0	0.627608	0
0	0	0	0.473464	-0.946929	0.573108	0	0	0	0	0.473464	-0.946929	0.573108	0	0	0	-0.049822	0	0	0	0	0	0	0.623555	0	0	0	0	0.623555	0
0	0	0	0.478359	-0.956719	0.579635	0	0	0	0	0.478359	-0.956719	0.579635	0	0	0	-0.050638	0	0	0	0	0	0	0.619476	0	0	0	0	0.619476	0
0	0	0	0.483285	-0.96657	0.586203	0	0	0	0	0.483285	-0.96657	0.586203	0	0	0	-0.051459	0	0	0	0	0	0	0.615371	0	0	0	0	0.615371	0
0	0	0	0.488241	-0.976482	0.59281	0	0	0	0	0.488241	-0.976482	0.59281	0	0	0	-0.052285	0	0	0	0	0	0	0.611241	0	0	0	0	0.611241	0
0	0	0	0.493227	-0.986453	0.599458	0	0	0	0	0.493227	-0.986453	0.599458	0	0	0	-0.053116	0	0	0	0	0	0	0.607087	0	0	0	0	0.607087	0
0	0	0	0.498241	-0.996483	0.606144	0	0	0	0	0.498241	-0.996483	0.606144	0	0	0	-0.053951	0	0	0	0	0	0	0.602908	0	0	0	0	0.602908	0
0	0	0	0.503285	-1.006569	0.612868	0	0	0	0	0.503285	-1.006569	0.612868	0	0	0	-0.054792	0	0	0	0	0	0	0.598705	0	0	0	0	0.598705	0
0	0	0	0.508356	-1.016711	0.61963	0	0	0	0	0.508356	-1.016711	0.61963	0	0	0	-0.055637	0	0	0	0	0	0	0.594479	0	0	0	0	0.594479	0
0	0	0	0.513454	-1.026908	0.626428	0	0	0	0	0.513454	-1.026908	0.626428	0	0	0	-0.056487	0	0	0	0	0	0	0.59023	0	0	0	0	0.59023	0
0	0	0	0.518579	-1.037159	0.633261	0	0	0	0	0.518579	-1.037159	0.633261	0	0	0	-0.057341	0	0	0	0	0	0	0.585959	0	0	0	0	0.585959	0
0	0	0	0.523731	-1.047461	0.64013	0	0	0	0	0.523731	-1.047461	0.64013	0	0	0	-0.0582	0	0	0	0	0	0	0.581667	0	0	0	0	0.581667	0
0	0	0	0.528907	-1.057815	0.647032	0	0	0	0	0.528907	-1.057815	0.647032	0	0	0	-0.059062	0	0	0	0	0	0	0.577353	0	0	0	0	0.577353	0
0	0	0	0.534109	-1.068218	0.653968	0	0	0	0	0.534109	-1.068218	0.653968	0	0	0	-0.059929	0	0	0	0	0	0	0.573018	0	0	0	0	0.573018	0
0	0	0	0.539335	-1.07867	0.660936	0	0	0	0	0.539335	-1.07867	0.660936	0	0	0	-0.0608	0	0	0	0	0	0	0.568663	0	0	0	0	0.568663	0
0	0	0	0.544584	-1.089169	0.667935	0	0	0	0	0.544584	-1.089169	0.667935	0	0	0	-0.061675	0	0	0	0	0	0	0.564288	0	0	0	0	0.564288	0
0	0	0	0.549857	-1.099713	0.674964	0	0	0	0	0.549857	-1.099713	0.674964	0	0	0	-0.062554	0	0	0	0	0	0	0.559895	0	0	0	0	0.559895	0
0	0	0	0.555151	-1.110302	0.682024	0	0	0	0	0.555151	-1.110302	0.682024	0	0	0	-0.063436	0	0	0	0	0	0	0.555483	0	0	0	0	0.555483	0
0	0	0	0.560467	-1.120934	0.689112	0	0	0	0	0.560467	-1.120934	0.689112	0	0	0	-0.064322	0	0	0	0	0	0	0.551053	0	0	0	0	0.551053	0
0	0	0	0.565804	-1.131607	0.696227	0	0	0	0	0.565804	-1.131607	0.696227	0	0	0	-0.065212	0	0	0	0	0	0	0.546606	0	0	0	0	0.546606	0
0	0	0	0.571161	-1.142321	0.70337	0	0	0	0	0.571161	-1.142321	0.70337	0	0	0	-0.066105	0	0	0	0	0	0	0.542142	0	0	0	0	0.542142	0
0	0	0	0.576537	-1.153074	0.710538	0	0	0	0	0.576537	-1.153074	0.710538	0	0	0	-0.067001	0	0	0	0	0	0	0.537661	0	0	0	0	0.537661	0
0	0	0	0.581932	-1.163864	0.717731	0	0	0	0	0.581932	-1.163864	0.717731	0	0	0	-0.0679	0	0	0	0	0	0	0.533166	0	0	0	0	0.533166	0
0	0	0	0.587345	-1.174689	0.724948	0	0	0	0	0.587345	-1.174689	0.724948	0	0	0	-0.068802	0	0	0	0	0	0	0.528655	0	0	0	0	0.528655	0
0	0	0	0.592775	-1.185549	0.732188	0	0	0	0	0.592775	-1.185549	0.732188	0	0	0	-0.069707	0	0	0	0	0	0	0.52413	0	0	0	0	0.52413	0
0	0	0	0.598221	-1.196442	0.73945	0	0	0	0	0.598221	-1.196442	0.73945	0	0	0	-0.070615	0	0	0	0	0	0	0.519591	0	0	0	0	0.519591	0
0	0	0	0.603683	-1.207366	0.746733	0	0	0	0	0.603683	-1.207366	0.746733	0	0	0	-0.071525	0	0	0	0	0	0	0.51504	0	0	0	0	0.51504	0
0	0	0	0.60916	-1.21832	0.754035	0	0	0	0	0.60916	-1.21832	0.754035	0	0	0	-0.072438	0	0	0	0	0	0	0.510476	0	0	0	0	0.510476	0
0	0	0	0.614651	-1.229301	0.761357	0	0	0	0	0.614651	-1.229301	0.761357	0	0	0	-0.073353	0	0	0	0	0	0	0.5059	0	0	0	0	0.5059	0
0	0	0	0.620155	-1.24031	0.768696	0	0	0	0	0.620155	-1.24031	0.768696	0	0	0	-0.07427	0	0	0	0	0	0	0.501313	0	0	0	0	0.501313	0
0	0	0	0.625671	-1.251343	0.776051	0	0	0	0	0.625671	-1.251343	0.776051	0	0	0	-0.07519	0	0	0	0	0	0	0.496716	0	0	0	0	0.496716	0
0	0	0	0.6312	-1.262399	0.783422	0	0	0	0	0.6312	-1.262399	0.783422	0	0	0	-0.076111	0	0	0	0	0	0	0.492109	0	0	0	0	0.492109	0
0	0	0	0.636739	-1.273477	0.790807	0	0	0	0	0.636739	-1.273477	0.790807	0	0	0	-0.077034	0	0	0	0	0	0	0.487493	0	0	0	0	0.487493	0
0	0	0	0.642288	-1.284575	0.798206	0	0	0	0	0.642288	-1.284575	0.798206	0	0	0	-0.077959	0	0	0	0	0	0	0.482869	0	0	0	0	0.482869	0
0	0	0	0.647846	-1.295692	0.805617	0	0	0	0	0.647846	-1.295692	0.805617	0	0	0	-0.078885	0	0	0	0	0	0	0.478237	0	0	0	0	0.478237	0
0	0	0	0.653412	-1.306824	0.813038	0	0	0	0	0.653412	-1.306824	0.813038	0	0	0	-0.079813	0	0	0	0	0	0	0.473599	0	0	0	0	0.473599	0
0	0	0	0.658986	-1.317971	0.82047	0	0	0	0	0.658986	-1.317971	0.82047	0	0	0	-0.080742	0	0	0	0	0	0	0.468954	0	0	0	0	0.468954	0
0	0	0	0.664566	-1.329132	0.82791	0	0	0	0	0.664566	-1.329132	0.82791	0	0	0	-0.081672	0	0	0	0	0	0	0.464304	0	0	0	0	0.464304	0
0	0	0	0.670152	-1.340303	0.835358	0	0	0	0	0.670152	-1.340303	0.835358	0	0	0	-0.082603	0	0	0	0	0	0	0.459649	0	0	0	0	0.459649	0
0	0	0	0.675742	-1.351484	0.842812	0	0	0	0	0.675742	-1.351484	0.842812	0	0	0	-0.083535	0	0	0	0	0	0	0.45499	0	0	0	0	0.45499	0
0	0	0	0.681336	-1.362672	0.85027	0	0	0	0	0.681336	-1.362672	0.85027	0	0	0	-0.084467	0	0	0	0	0	0	0.450329	0	0	0	0	0.450329	0
0	0	0	0.686933	-1.373866	0.857733	0	0	0	0	0.686933	-1.373866	0.857733	0	0	0	-0.0854	0	0	0	0	0	0	0.445665	0	0	0	0	0.445665	0
0	0	0	0.692532	-1.385064	0.865198	0	0	0	0	0.692532	-1.385064	0.865198	0	0	0	-0.086333	0	0	0	0	0	0	0.440999	0	0	0	0	0.440999	0
0	0	0	0.698132	-1.396263	0.872665	0	0	0	0	0.698132	-1.396263	0.872665	0	0	0	-0.087266	0	0	0	0	0	0	0.436332	0	0	0	0	0.436332	0
0	0	0	0.703732	-1.407463	0.880131	0	0	0	0	0.703732	-1.407463	0.880131	0	0	0	-0.0882	0	0	0	0	0	0	0.431666	0	0	0	0	0.431666	0
0	0	0	0.70933	-1.418661	0.887596	0	0	0	0	0.70933	-1.418661	0.887596	0	0	0	-0.089133	0	0	0	0	0	0	0.427	0	0	0	0	0.427	0
0	0	0	0.714927	-1.429855	0.895059	0	0	0	0	0.714927	-1.429855	0.895059	0	0	0	-0.090066	0	0	0	0	0	0	0.422336	0	0	0	0	0.422336	0
0	0	0	0.720522	-1.441043	0.902518	0	0	0	0	0.720522	-1.441043	0.902518	0	0	0	-0.090998	0	0	0	0	0	0	0.417674	0	0	0	0	0.417674	0
0	0	0	0.726112	-1.452224	0.909972	0	0	0	0	0.726112	-1.452224	0.909972	0	0	0	-0.09193	0	0	0	0	0	0	0.413015	0	0	0	0	0.413015	0
0	0	0	0.731698	-1.463395	0.917419	0	0	0	0	0.731698	-1.463395	0.917419	0	0	0	-0.092861	0	0	0	0	0	0	0.408361	0	0	0	0	0.408361	0
0	0	0	0.737278	-1.474555	0.924859	0	0	0	0	0.737278	-1.474555	0.924859	0	0	0	-0.093791	0	0	0	0	0	0	0.403711	0	0	0	0	0.403711	0
0	0	0	0.742851	-1.485703	0.932291	0	0	0	0	0.742851	-1.485703	0.932291	0	0	0	-0.09472	0	0	0	0	0	0	0.399066	0	0	0	0	0.399066	0
0	0	0	0.748418	-1.496835	0.939713	0	0	0	0	0.748418	-1.496835	0.939713	0	0	0	-0.095647	0	0	0	0	0	0	0.394427	0	0	0	0	0.394427	0
0	0	0	0.753976	-1.507951	0.947123	0	0	0	0	0.753976	-1.507951	0.947123	0	0	0	-0.096574	0	0	0	0	0	0	0.389796	0	0	0	0	0.389796	0
0	0	0	0.759525	-1.519049	0.954522	0	0	0	0	0.759525	-1.519049	0.954522	0	0	0	-0.097499	0	0	0	0	0	0	0.385171	0	0	0	0	0.385171	0
0	0	0	0.765064	-1.530127	0.961907	0	0	0	0	0.765064	-1.530127	0.961907	0	0	0	-0.098422	0	0	0	0	0	0	0.380556	0	0	0	0	0.380556	0
0	0	0	0.770592	-1.541184	0.969278	0	0	0	0	0.770592	-1.541184	0.969278	0	0	0	-0.099343	0	0	0	0	0	0	0.375949	0	0	0	0	0.375949	0
0	0	0	0.776109	-1.552217	0.976634	0	0	0	0	0.776109	-1.552217	0.976634	0	0	0	-0.100263	0	0	0	0	0	0	0.371352	0	0	0	0	0.371352	0
0	0	0	0.781613	-1.563225	0.983973	0	0	0	0	0.781613	-1.563225	0.983973	0	0	0	-0.10118	0	0	0	0	0	0	0.366765	0	0	0	0	0.366765	0
0	0	0	0.787104	-1.574207	0.991294	0	0	0	0	0.787104	-1.574207	0.991294	0	0	0	-0.102095	0	0	0	0	0	0	0.362189	0	0	0	0	0.362189	0
0	0	0	0.79258	-1.585161	0.998596	0	0	0	0	0.79258	-1.585161	0.998596	0	0	0	-0.103008	0	0	0	0	0	0	0.357625	0	0	0	0	0.357625	0
0	0	0	0.798042	-1.596085	1.005879	0	0	0	0	0.798042	-1.596085	1.005879	0	0	0	-0.103918	0	0	0	0	0	0	0.353073	0	0	0	0	0.353073	0
0	0	0	0.803489	-1.606978	1.013141	0	0	0	0	0.803489	-1.606978	1.013141	0	0	0	-0.104826	0	0	0	0	0	0	0.348535	0	0	0	0	0.348535	0
0	0	0	0.808919	-1.617838	1.020381	0	0	0	0	0.808919	-1.617838	1.020381	0	0	0	-0.105731	0	0	0	0	0	0	0.34401	0	0	0	0	0.34401	0
0	0	0	0.814332	-1.628663	1.027598	0	0	0	0	0.814332	-1.628663	1.027598	0	0	0	-0.106633	0	0	0	0	0	0	0.339499	0	0	0	0	0.339499	0
0	0	0	0.819727	-1.639453	1.034791	0	0	0	0	0.819727	-1.639453	1.034791	0	0	0	-0.107532	0	0	0	0	0	0	0.335003	0	0	0	0	0.335003	0
0	0	0	0.825103	-1.650206	1.041959	0	0	0	0	0.825103	-1.650206	1.041959	0	0	0	-0.108428	0	0	0	0	0	0	0.330523	0	0	0	0	0.330523	0
0	0	0	0.83046	-1.660919	1.049102	0	0	0	0	0.83046	-1.660919	1.049102	0	0	0	-0.109321	0	0	0	0	0	0	0.326059	0	0	0	0	0.326059	0
0	0	0	0.835796	-1.671593	1.056218	0	0	0	0	0.835796	-1.671593	1.056218	0	0	0	-0.110211	0	0	0	0	0	0	0.321612	0	0	0	0	0.321612	0
0	0	0	0.841112	-1.682225	1.063306	0	0	0	0	0.841112	-1.682225	1.063306	0	0	0	-0.111097	0	0	0	0	0	0	0.317182	0	0	0	0	0.317182	0
0	0	0	0.846407	-1.692814	1.070365	0	0	0	0	0.846407	-1.692814	1.070365	0	0	0	-0.111979	0	0	0	0	0	0	0.31277	0	0	0	0	0.31277	0
0	0	0	0.851679	-1.703358	1.077394	0	0	0	0	0.851679	-1.703358	1.077394	0	0	0	-0.112858	0	0	0	0	0	0	0.308376	0	0	0	0	0.308376	0
0	0	0	0.856928	-1.713857	1.084394	0	0	0	0	0.856928	-1.713857	1.084394	0	0	0	-0.113733	0	0	0	0	0	0	0.304002	0	0	0	0	0.304002	0
0	0	0	0.862154	-1.724309	1.091361	0	0	0	0	0.862154	-1.724309	1.091361	0	0	0	-0.114604	0	0	0	0	0	0	0.299647	0	0	0	0	0.299647	0
0	0	0	0.867356	-1.734712	1.098297	0	0	0	0	0.867356	-1.734712	1.098297	0	0	0	-0.115471	0	0	0	0	0	0	0.295312	0	0	0	0	0.295312	0
0	0	0	0.872533	-1.745066	1.105199	0	0	0	0	0.872533	-1.745066	1.105199	0	0	0	-0.116333	0	0	0	0	0	0	0.290998	0	0	0	0	0.290998	0
0	0	0	0.877684	-1.755368	1.112068	0	0	0	0	0.877684	-1.755368	1.112068	0	0	0	-0.117192	0	0	0	0	0	0	0.286705	0	0	0	0	0.286705	0
0	0	0	0.882809	-1.765619	1.118901	0	0	0	0	0.882809	-1.765619	1.118901	0	0	0	-0.118046	0	0	0	0	0	0	0.282434	0	0	0	0	0.282434	0
0	0	0	0.887908	-1.775815	1.125699	0	0	0	0	0.887908	-1.775815	1.125699	0	0	0	-0.118896	0	0	0	0	0	0	0.278186	0	0	0	0	0.278186	0
0	0	0	0.892979	-1.785958	1.132461	0	0	0	0	0.892979	-1.785958	1.132461	0	0	0	-0.119741	0	0	0	0	0	0	0.27396	0	0	0	0	0.27396	0
0	0	0	0.898022	-1.796044	1.139185	0	0	0	0	0.898022	-1.796044	1.139185	0	0	0	-0.120582	0	0	0	0	0	0	0.269757	0	0	0	0	0.269757	0
0	0	0	0.903037	-1.806073	1.145871	0	0	0	0	0.903037	-1.806073	1.145871	0	0	0	-0.121417	0	0	0	0	0	0	0.265578	0	0	0	0	0.265578	0
0	0	0	0.908022	-1.816045	1.152519	0	0	0	0	0.908022	-1.816045	1.152519	0	0	0	-0.122248	0	0	0	0	0	0	0.261423	0	0	0	0	0.261423	0
0	0	0	0.912978	-1.825957	1.159127	0	0	0	0	0.912978	-1.825957	1.159127	0	0	0	-0.123074	0	0	0	0	0	0	0.257293	0	0	0	0	0.257293	0
0	0	0	0.917904	-1.835808	1.165694	0	0	0	0	0.917904	-1.835808	1.165694	0	0	0	-0.123895	0	0	0	0	0	0	0.253189	0	0	0	0	0.253189	0
0	0	0	0.922799	-1.845598	1.172221	0	0	0	0	0.922799	-1.845598	1.172221	0	0	0	-0.124711	0	0	0	0	0	0	0.24911	0	0	0	0	0.24911	0
0	0	0	0.927663	-1.855325	1.178706	0	0	0	0	0.927663	-1.855325	1.178706	0	0	0	-0.125522	0	0	0	0	0	0	0.245057	0	0	0	0	0.245057	0
0	0	0	0.932495	-1.864989	1.185148	0	0	0	0	0.932495	-1.864989	1.185148	0	0	0	-0.126327	0	0	0	0	0	0	0.24103	0	0	0	0	0.24103	0
0	0	0	0.937294	-1.874588	1.191548	0	0	0	0	0.937294	-1.874588	1.191548	0	0	0	-0.127127	0	0	0	0	0	0	0.23703	0	0	0	0	0.23703	0
0	0	0	0.942061	-1.884122	1.197903	0	0	0	0	0.942061	-1.884122	1.197903	0	0	0	-0.127921	0	0	0	0	0	0	0.233058	0	0	0	0	0.233058	0
0	0	0	0.946794	-1.893588	1.204215	0	0	0	0	0.946794	-1.893588	1.204215	0	0	0	-0.12871	0	0	0	0	0	0	0.229114	0	0	0	0	0.229114	0
0	0	0	0.951494	-1.902987	1.210481	0	0	0	0	0.951494	-1.902987	1.210481	0	0	0	-0.129493	0	0	0	0	0	0	0.225197	0	0	0	0	0.225197	0
0	0	0	0.956159	-1.912318	1.216701	0	0	0	0	0.956159	-1.912318	1.216701	0	0	0	-0.130271	0	0	0	0	0	0	0.22131	0	0	0	0	0.22131	0
0	0	0	0.96079	-1.921579	1.222875	0	0	0	0	0.96079	-1.921579	1.222875	0	0	0	-0.131043	0	0	0	0	0	0	0.217451	0	0	0	0	0.217451	0
0	0	0	0.965385	-1.93077	1.229002	0	0	0	0	0.965385	-1.93077	1.229002	0	0	0	-0.131809	0	0	0	0	0	0	0.213621	0	0	0	0	0.213621	0
0	0	0	0.969945	-1.939889	1.235082	0	0	0	0	0.969945	-1.939889	1.235082	0	0	0	-0.132569	0	0	0	0	0	0	0.209822	0	0	0	0	0.209822	0
0	0	0	0.974468	-1.948936	1.241113	0	0	0	0	0.974468	-1.948936	1.241113	0	0	0	-0.133323	0	0	0	0	0	0	0.206052	0	0	0	0	0.206052	0
0	0	0	0.978955	-1.957911	1.247096	0	0	0	0	0.978955	-1.957911	1.247096	0	0	0	-0.13407	0	0	0	0	0	0	0.202313	0	0	0	0	0.202313	0
0	0	0	0.983406	-1.966811	1.25303	0	0	0	0	0.983406	-1.966811	1.25303	0	0	0	-0.134812	0	0	0	0	0	0	0.198604	0	0	0	0	0.198604	0
0	0	0	0.987819	-1.975637	1.258914	0	0	0	0	0.987819	-1.975637	1.258914	0	0	0	-0.135548	0	0	0	0	0	0	0.194927	0	0	0	0	0.194927	0
0	0	0	0.992194	-1.984388	1.264747	0	0	0	0	0.992194	-1.984388	1.264747	0	0	0	-0.136277	0	0	0	0	0	0	0.191281	0	0	0	0	0.191281	0
0	0	0	0.996531	-1.993062	1.27053	0	0	0	0	0.996531	-1.993062	1.27053	0	0	0	-0.137	0	0	0	0	0	0	0.187666	0	0	0	0	0.187666	0
0	0	0	1.00083	-2.001659	1.276262	0	0	0	0	1.00083	-2.001659	1.276262	0	0	0	-0.137716	0	0	0	0	0	0	0.184084	0	0	0	0	0.184084	0
0	0	0	1.00509	-2.010179	1.281942	0	0	0	0	1.00509	-2.010179	1.281942	0	0	0	-0.138426	0	0	0	0	0	0	0.180534	0	0	0	0	0.180534	0
0	0	0	1.00931	-2.018621	1.28757	0	0	0	0	1.00931	-2.018621	1.28757	0	0	0	-0.13913	0	0	0	0	0	0	0.177017	0	0	0	0	0.177017	0
0	0	0	1.013492	-2.026983	1.293145	0	0	0	0	1.013492	-2.026983	1.293145	0	0	0	-0.139826	0	0	0	0	0	0	0.173532	0	0	0	0	0.173532	0
0	0	0	1.017633	-2.035266	1.298667	0	0	0	0	1.017633	-2.035266	1.298667	0	0	0	-0.140517	0	0	0	0	0	0	0.170081	0	0	0	0	0.170081	0
0	0	0	1.021735	-2.043469	1.304135	0	0	0	0	1.021735	-2.043469	1.304135	0	0	0	-0.1412	0	0	0	0	0	0	0.166663	0	0	0	0	0.166663	0
0	0	0	1.025795	-2.051591	1.30955	0	0	0	0	1.025795	-2.051591	1.30955	0	0	0	-0.141877	0	0	0	0	0	0	0.163279	0	0	0	0	0.163279	0
0	0	0	1.029816	-2.059631	1.31491	0	0	0	0	1.029816	-2.059631	1.31491	0	0	0	-0.142547	0	0	0	0	0	0	0.159929	0	0	0	0	0.159929	0
0	0	0	1.033795	-2.067589	1.320215	0	0	0	0	1.033795	-2.067589	1.320215	0	0	0	-0.14321	0	0	0	0	0	0	0.156613	0	0	0	0	0.156613	0
0	0	0	1.037732	-2.075465	1.325466	0	0	0	0	1.037732	-2.075465	1.325466	0	0	0	-0.143867	0	0	0	0	0	0	0.153332	0	0	0	0	0.153332	0
0	0	0	1.041629	-2.083257	1.330661	0	0	0	0	1.041629	-2.083257	1.330661	0	0	0	-0.144516	0	0	0	0	0	0	0.150085	0	0	0	0	0.150085	0
0	0	0	1.045483	-2.090966	1.3358	0	0	0	0	1.045483	-2.090966	1.3358	0	0	0	-0.145158	0	0	0	0	0	0	0.146873	0	0	0	0	0.146873	0
0	0	0	1.049295	-2.098591	1.340883	0	0	0	0	1.049295	-2.098591	1.340883	0	0	0	-0.145794	0	0	0	0	0	0	0.143696	0	0	0	0	0.143696	0
0	0	0	1.053065	-2.106131	1.345909	0	0	0	0	1.053065	-2.106131	1.345909	0	0	0	-0.146422	0	0	0	0	0	0	0.140554	0	0	0	0	0.140554	0
0	0	0	1.056793	-2.113585	1.350879	0	0	0	0	1.056793	-2.113585	1.350879	0	0	0	-0.147043	0	0	0	0	0	0	0.137448	0	0	0	0	0.137448	0
0	0	0	1.060477	-2.120955	1.355792	0	0	0	0	1.060477	-2.120955	1.355792	0	0	0	-0.147657	0	0	0	0	0	0	0.134378	0	0	0	0	0.134378	0
0	0	0	1.064119	-2.128238	1.360648	0	0	0	0	1.064119	-2.128238	1.360648	0	0	0	-0.148264	0	0	0	0	0	0	0.131343	0	0	0	0	0.131343	0
0	0	0	1.067718	-2.135435	1.365446	0	0	0	0	1.067718	-2.135435	1.365446	0	0	0	-0.148864	0	0	0	0	0	0	0.128344	0	0	0	0	0.128344	0
0	0	0	1.071273	-2.142546	1.370186	0	0	0	0	1.071273	-2.142546	1.370186	0	0	0	-0.149457	0	0	0	0	0	0	0.125381	0	0	0	0	0.125381	0
0	0	0	1.074785	-2.149569	1.374868	0	0	0	0	1.074785	-2.149569	1.374868	0	0	0	-0.150042	0	0	0	0	0	0	0.122455	0	0	0	0	0.122455	0
0	0	0	1.078253	-2.156505	1.379492	0	0	0	0	1.078253	-2.156505	1.379492	0	0	0	-0.15062	0	0	0	0	0	0	0.119565	0	0	0	0	0.119565	0
0	0	0	1.081677	-2.163353	1.384058	0	0	0	0	1.081677	-2.163353	1.384058	0	0	0	-0.151191	0	0	0	0	0	0	0.116711	0	0	0	0	0.116711	0
0	0	0	1.085057	-2.170114	1.388565	0	0	0	0	1.085057	-2.170114	1.388565	0	0	0	-0.151754	0	0	0	0	0	0	0.113895	0	0	0	0	0.113895	0
0	0	0	1.088393	-2.176786	1.393013	0	0	0	0	1.088393	-2.176786	1.393013	0	0	0	-0.15231	0	0	0	0	0	0	0.111115	0	0	0	0	0.111115	0
0	0	0	1.091685	-2.18337	1.397402	0	0	0	0	1.091685	-2.18337	1.397402	0	0	0	-0.152859	0	0	0	0	0	0	0.108371	0	0	0	0	0.108371	0
0	0	0	1.094932	-2.189865	1.401732	0	0	0	0	1.094932	-2.189865	1.401732	0	0	0	-0.1534	0	0	0	0	0	0	0.105665	0	0	0	0	0.105665	0
0	0	0	1.098135	-2.196271	1.406003	0	0	0	0	1.098135	-2.196271	1.406003	0	0	0	-0.153934	0	0	0	0	0	0	0.102996	0	0	0	0	0.102996	0
0	0	0	1.101294	-2.202587	1.410214	0	0	0	0	1.101294	-2.202587	1.410214	0	0	0	-0.15446	0	0	0	0	0	0	0.100364	0	0	0	0	0.100364	0
0	0	0	1.104408	-2.208815	1.414366	0	0	0	0	1.104408	-2.208815	1.414366	0	0	0	-0.154979	0	0	0	0	0	0	0.097769	0	0	0	0	0.097769	0
0	0	0	1.107477	-2.214953	1.418458	0	0	0	0	1.107477	-2.214953	1.418458	0	0	0	-0.155491	0	0	0	0	0	0	0.095211	0	0	0	0	0.095211	0
0	0	0	1.110501	-2.221002	1.42249	0	0	0	0	1.110501	-2.221002	1.42249	0	0	0	-0.155995	0	0	0	0	0	0	0.092691	0	0	0	0	0.092691	0
0	0	0	1.113481	-2.226961	1.426463	0	0	0	0	1.113481	-2.226961	1.426463	0	0	0	-0.156491	0	0	0	0	0	0	0.090208	0	0	0	0	0.090208	0
0	0	0	1.116415	-2.232831	1.430376	0	0	0	0	1.116415	-2.232831	1.430376	0	0	0	-0.15698	0	0	0	0	0	0	0.087763	0	0	0	0	0.087763	0
0	0	0	1.119305	-2.23861	1.434229	0	0	0	0	1.119305	-2.23861	1.434229	0	0	0	-0.157462	0	0	0	0	0	0	0.085354	0	0	0	0	0.085354	0
0	0	0	1.12215	-2.2443	1.438022	0	0	0	0	1.12215	-2.2443	1.438022	0	0	0	-0.157936	0	0	0	0	0	0	0.082984	0	0	0	0	0.082984	0
0	0	0	1.12495	-2.2499	1.441756	0	0	0	0	1.12495	-2.2499	1.441756	0	0	0	-0.158403	0	0	0	0	0	0	0.08065	0	0	0	0	0.08065	0
0	0	0	1.127705	-2.25541	1.445429	0	0	0	0	1.127705	-2.25541	1.445429	0	0	0	-0.158862	0	0	0	0	0	0	0.078354	0	0	0	0	0.078354	0
0	0	0	1.130415	-2.260831	1.449043	0	0	0	0	1.130415	-2.260831	1.449043	0	0	0	-0.159314	0	0	0	0	0	0	0.076096	0	0	0	0	0.076096	0
0	0	0	1.133081	-2.266161	1.452597	0	0	0	0	1.133081	-2.266161	1.452597	0	0	0	-0.159758	0	0	0	0	0	0	0.073875	0	0	0	0	0.073875	0
0	0	0	1.135701	-2.271402	1.45609	0	0	0	0	1.135701	-2.271402	1.45609	0	0	0	-0.160195	0	0	0	0	0	0	0.071691	0	0	0	0	0.071691	0
0	0	0	1.138277	-2.276553	1.459525	0	0	0	0	1.138277	-2.276553	1.459525	0	0	0	-0.160624	0	0	0	0	0	0	0.069545	0	0	0	0	0.069545	0
0	0	0	1.140807	-2.281615	1.462899	0	0	0	0	1.140807	-2.281615	1.462899	0	0	0	-0.161046	0	0	0	0	0	0	0.067436	0	0	0	0	0.067436	0
0	0	0	1.143294	-2.286587	1.466214	0	0	0	0	1.143294	-2.286587	1.466214	0	0	0	-0.16146	0	0	0	0	0	0	0.065364	0	0	0	0	0.065364	0
0	0	0	1.145735	-2.29147	1.469469	0	0	0	0	1.145735	-2.29147	1.469469	0	0	0	-0.161867	0	0	0	0	0	0	0.063329	0	0	0	0	0.063329	0
0	0	0	1.148132	-2.296264	1.472665	0	0	0	0	1.148132	-2.296264	1.472665	0	0	0	-0.162267	0	0	0	0	0	0	0.061332	0	0	0	0	0.061332	0
0	0	0	1.150485	-2.300969	1.475802	0	0	0	0	1.150485	-2.300969	1.475802	0	0	0	-0.162659	0	0	0	0	0	0	0.059372	0	0	0	0	0.059372	0
0	0	0	1.152793	-2.305586	1.478879	0	0	0	0	1.152793	-2.305586	1.478879	0	0	0	-0.163043	0	0	0	0	0	0	0.057448	0	0	0	0	0.057448	0
0	0	0	1.155057	-2.310113	1.481898	0	0	0	0	1.155057	-2.310113	1.481898	0	0	0	-0.163421	0	0	0	0	0	0	0.055561	0	0	0	0	0.055561	0
0	0	0	1.157277	-2.314553	1.484858	0	0	0	0	1.157277	-2.314553	1.484858	0	0	0	-0.163791	0	0	0	0	0	0	0.053712	0	0	0	0	0.053712	0
0	0	0	1.159452	-2.318905	1.487759	0	0	0	0	1.159452	-2.318905	1.487759	0	0	0	-0.164153	0	0	0	0	0	0	0.051898	0	0	0	0	0.051898	0
0	0	0	1.161584	-2.323169	1.490601	0	0	0	0	1.161584	-2.323169	1.490601	0	0	0	-0.164509	0	0	0	0	0	0	0.050122	0	0	0	0	0.050122	0
0	0	0	1.163673	-2.327345	1.493386	0	0	0	0	1.163673	-2.327345	1.493386	0	0	0	-0.164857	0	0	0	0	0	0	0.048382	0	0	0	0	0.048382	0
0	0	0	1.165717	-2.331435	1.496112	0	0	0	0	1.165717	-2.331435	1.496112	0	0	0	-0.165197	0	0	0	0	0	0	0.046678	0	0	0	0	0.046678	0
0	0	0	1.167719	-2.335438	1.498781	0	0	0	0	1.167719	-2.335438	1.498781	0	0	0	-0.165531	0	0	0	0	0	0	0.04501	0	0	0	0	0.04501	0
0	0	0	1.169677	-2.339354	1.501392	0	0	0	0	1.169677	-2.339354	1.501392	0	0	0	-0.165857	0	0	0	0	0	0	0.043378	0	0	0	0	0.043378	0
0	0	0	1.171592	-2.343185	1.503946	0	0	0	0	1.171592	-2.343185	1.503946	0	0	0	-0.166177	0	0	0	0	0	0	0.041782	0	0	0	0	0.041782	0
0	0	0	1.173465	-2.34693	1.506442	0	0	0	0	1.173465	-2.34693	1.506442	0	0	0	-0.166489	0	0	0	0	0	0	0.040221	0	0	0	0	0.040221	0
0	0	0	1.175295	-2.35059	1.508882	0	0	0	0	1.175295	-2.35059	1.508882	0	0	0	-0.166794	0	0	0	0	0	0	0.038696	0	0	0	0	0.038696	0
0	0	0	1.177083	-2.354165	1.511266	0	0	0	0	1.177083	-2.354165	1.511266	0	0	0	-0.167092	0	0	0	0	0	0	0.037206	0	0	0	0	0.037206	0
0	0	0	1.178828	-2.357657	1.513593	0	0	0	0	1.178828	-2.357657	1.513593	0	0	0	-0.167383	0	0	0	0	0	0	0.035752	0	0	0	0	0.035752	0
0	0	0	1.180532	-2.361064	1.515865	0	0	0	0	1.180532	-2.361064	1.515865	0	0	0	-0.167667	0	0	0	0	0	0	0.034332	0	0	0	0	0.034332	0
0	0	0	1.182194	-2.364389	1.518081	0	0	0	0	1.182194	-2.364389	1.518081	0	0	0	-0.167944	0	0	0	0	0	0	0.032947	0	0	0	0	0.032947	0
0	0	0	1.183815	-2.36763	1.520243	0	0	0	0	1.183815	-2.36763	1.520243	0	0	0	-0.168214	0	0	0	0	0	0	0.031596	0	0	0	0	0.031596	0
0	0	0	1.185395	-2.37079	1.522349	0	0	0	0	1.185395	-2.37079	1.522349	0	0	0	-0.168477	0	0	0	0	0	0	0.03028	0	0	0	0	0.03028	0
0	0	0	1.186934	-2.373868	1.524401	0	0	0	0	1.186934	-2.373868	1.524401	0	0	0	-0.168734	0	0	0	0	0	0	0.028997	0	0	0	0	0.028997	0
0	0	0	1.188433	-2.376866	1.526399	0	0	0	0	1.188433	-2.376866	1.526399	0	0	0	-0.168983	0	0	0	0	0	0	0.027748	0	0	0	0	0.027748	0
0	0	0	1.189891	-2.379783	1.528344	0	0	0	0	1.189891	-2.379783	1.528344	0	0	0	-0.169226	0	0	0	0	0	0	0.026533	0	0	0	0	0.026533	0
0	0	0	1.19131	-2.38262	1.530236	0	0	0	0	1.19131	-2.38262	1.530236	0	0	0	-0.169463	0	0	0	0	0	0	0.02535	0	0	0	0	0.02535	0
0	0	0	1.192689	-2.385378	1.532075	0	0	0	0	1.192689	-2.385378	1.532075	0	0	0	-0.169693	0	0	0	0	0	0	0.024201	0	0	0	0	0.024201	0
0	0	0	1.194029	-2.388059	1.533861	0	0	0	0	1.194029	-2.388059	1.533861	0	0	0	-0.169916	0	0	0	0	0	0	0.023084	0	0	0	0	0.023084	0
0	0	0	1.195331	-2.390661	1.535596	0	0	0	0	1.195331	-2.390661	1.535596	0	0	0	-0.170133	0	0	0	0	0	0	0.022	0	0	0	0	0.022	0
0	0	0	1.196593	-2.393187	1.53728	0	0	0	0	1.196593	-2.393187	1.53728	0	0	0	-0.170343	0	0	0	0	0	0	0.020948	0	0	0	0	0.020948	0
0	0	0	1.197818	-2.395636	1.538913	0	0	0	0	1.197818	-2.395636	1.538913	0	0	0	-0.170548	0	0	0	0	0	0	0.019927	0	0	0	0	0.019927	0
0	0	0	1.199005	-2.39801	1.540496	0	0	0	0	1.199005	-2.39801	1.540496	0	0	0	-0.170745	0	0	0	0	0	0	0.018938	0	0	0	0	0.018938	0
0	0	0	1.200155	-2.40031	1.542029	0	0	0	0	1.200155	-2.40031	1.542029	0	0	0	-0.170937	0	0	0	0	0	0	0.01798	0	0	0	0	0.01798	0
0	0	0	1.201268	-2.402535	1.543513	0	0	0	0	1.201268	-2.402535	1.543513	0	0	0	-0.171122	0	0	0	0	0	0	0.017052	0	0	0	0	0.017052	0
0	0	0	1.202344	-2.404688	1.544948	0	0	0	0	1.202344	-2.404688	1.544948	0	0	0	-0.171302	0	0	0	0	0	0	0.016155	0	0	0	0	0.016155	0
0	0	0	1.203384	-2.406769	1.546335	0	0	0	0	1.203384	-2.406769	1.546335	0	0	0	-0.171475	0	0	0	0	0	0	0.015288	0	0	0	0	0.015288	0
0	0	0	1.204389	-2.408778	1.547674	0	0	0	0	1.204389	-2.408778	1.547674	0	0	0	-0.171643	0	0	0	0	0	0	0.014451	0	0	0	0	0.014451	0
0	0	0	1.205358	-2.410717	1.548967	0	0	0	0	1.205358	-2.410717	1.548967	0	0	0	-0.171804	0	0	0	0	0	0	0.013643	0	0	0	0	0.013643	0
0	0	0	1.206293	-2.412586	1.550213	0	0	0	0	1.206293	-2.412586	1.550213	0	0	0	-0.17196	0	0	0	0	0	0	0.012864	0	0	0	0	0.012864	0
0	0	0	1.207194	-2.414387	1.551414	0	0	0	0	1.207194	-2.414387	1.551414	0	0	0	-0.17211	0	0	0	0	0	0	0.012114	0	0	0	0	0.012114	0
0	0	0	1.20806	-2.41612	1.552569	0	0	0	0	1.20806	-2.41612	1.552569	0	0	0	-0.172255	0	0	0	0	0	0	0.011392	0	0	0	0	0.011392	0
0	0	0	1.208893	-2.417787	1.55368	0	0	0	0	1.208893	-2.417787	1.55368	0	0	0	-0.172393	0	0	0	0	0	0	0.010698	0	0	0	0	0.010698	0
0	0	0	1.209694	-2.419388	1.554748	0	0	0	0	1.209694	-2.419388	1.554748	0	0	0	-0.172527	0	0	0	0	0	0	0.010031	0	0	0	0	0.010031	0
0	0	0	1.210462	-2.420924	1.555772	0	0	0	0	1.210462	-2.420924	1.555772	0	0	0	-0.172655	0	0	0	0	0	0	0.00939	0	0	0	0	0.00939	0
0	0	0	1.211198	-2.422397	1.556753	0	0	0	0	1.211198	-2.422397	1.556753	0	0	0	-0.172778	0	0	0	0	0	0	0.008777	0	0	0	0	0.008777	0
0	0	0	1.211903	-2.423807	1.557693	0	0	0	0	1.211903	-2.423807	1.557693	0	0	0	-0.172895	0	0	0	0	0	0	0.008189	0	0	0	0	0.008189	0
0	0	0	1.212578	-2.425155	1.558592	0	0	0	0	1.212578	-2.425155	1.558592	0	0	0	-0.173007	0	0	0	0	0	0	0.007627	0	0	0	0	0.007627	0
0	0	0	1.213222	-2.426443	1.559451	0	0	0	0	1.213222	-2.426443	1.559451	0	0	0	-0.173115	0	0	0	0	0	0	0.007091	0	0	0	0	0.007091	0
0	0	0	1.213836	-2.427672	1.56027	0	0	0	0	1.213836	-2.427672	1.56027	0	0	0	-0.173217	0	0	0	0	0	0	0.006579	0	0	0	0	0.006579	0
0	0	0	1.214421	-2.428843	1.561051	0	0	0	0	1.214421	-2.428843	1.561051	0	0	0	-0.173315	0	0	0	0	0	0	0.006091	0	0	0	0	0.006091	0
0	0	0	1.214978	-2.429956	1.561793	0	0	0	0	1.214978	-2.429956	1.561793	0	0	0	-0.173408	0	0	0	0	0	0	0.005627	0	0	0	0	0.005627	0
0	0	0	1.215507	-2.431014	1.562498	0	0	0	0	1.215507	-2.431014	1.562498	0	0	0	-0.173496	0	0	0	0	0	0	0.005186	0	0	0	0	0.005186	0
0	0	0	1.216008	-2.432017	1.563167	0	0	0	0	1.216008	-2.432017	1.563167	0	0	0	-0.173579	0	0	0	0	0	0	0.004768	0	0	0	0	0.004768	0
0	0	0	1.216483	-2.432967	1.5638	0	0	0	0	1.216483	-2.432967	1.5638	0	0	0	-0.173658	0	0	0	0	0	0	0.004373	0	0	0	0	0.004373	0
0	0	0	1.216932	-2.433864	1.564398	0	0	0	0	1.216932	-2.433864	1.564398	0	0	0	-0.173733	0	0	0	0	0	0	0.003999	0	0	0	0	0.003999	0
0	0	0	1.217355	-2.43471	1.564963	0	0	0	0	1.217355	-2.43471	1.564963	0	0	0	-0.173804	0	0	0	0	0	0	0.003646	0	0	0	0	0.003646	0
0	0	0	1.217753	-2.435507	1.565494	0	0	0	0	1.217753	-2.435507	1.565494	0	0	0	-0.17387	0	0	0	0	0	0	0.003314	0	0	0	0	0.003314	0
0	0	0	1.218128	-2.436255	1.565993	0	0	0	0	1.218128	-2.436255	1.565993	0	0	0	-0.173932	0	0	0	0	0	0	0.003002	0	0	0	0	0.003002	0
0	0	0	1.218478	-2.436956	1.56646	0	0	0	0	1.218478	-2.436956	1.56646	0	0	0	-0.173991	0	0	0	0	0	0	0.00271	0	0	0	0	0.00271	0
0	0	0	1.218806	-2.437612	1.566897	0	0	0	0	1.218806	-2.437612	1.566897	0	0	0	-0.174046	0	0	0	0	0	0	0.002437	0	0	0	0	0.002437	0
0	0	0	1.219112	-2.438223	1.567304	0	0	0	0	1.219112	-2.438223	1.567304	0	0	0	-0.174096	0	0	0	0	0	0	0.002182	0	0	0	0	0.002182	0
0	0	0	1.219396	-2.438791	1.567683	0	0	0	0	1.219396	-2.438791	1.567683	0	0	0	-0.174144	0	0	0	0	0	0	0.001946	0	0	0	0	0.001946	0
0	0	0	1.219659	-2.439317	1.568034	0	0	0	0	1.219659	-2.439317	1.568034	0	0	0	-0.174188	0	0	0	0	0	0	0.001726	0	0	0	0	0.001726	0
0	0	0	1.219902	-2.439804	1.568358	0	0	0	0	1.219902	-2.439804	1.568358	0	0	0	-0.174228	0	0	0	0	0	0	0.001524	0	0	0	0	0.001524	0
0	0	0	1.220126	-2.440251	1.568656	0	0	0	0	1.220126	-2.440251	1.568656	0	0	0	-0.174265	0	0	0	0	0	0	0.001337	0	0	0	0	0.001337	0
0	0	0	1.220331	-2.440661	1.56893	0	0	0	0	1.220331	-2.440661	1.56893	0	0	0	-0.1743	0	0	0	0	0	0	0.001166	0	0	0	0	0.001166	0
0	0	0	1.220518	-2.441036	1.569179	0	0	0	0	1.220518	-2.441036	1.569179	0	0	0	-0.174331	0	0	0	0	0	0	0.001011	0	0	0	0	0.001011	0
0	0	0	1.220688	-2.441376	1.569406	0	0	0	0	1.220688	-2.441376	1.569406	0	0	0	-0.174359	0	0	0	0	0	0	0.000869	0	0	0	0	0.000869	0
0	0	0	1.220841	-2.441683	1.569611	0	0	0	0	1.220841	-2.441683	1.569611	0	0	0	-0.174385	0	0	0	0	0	0	0.000741	0	0	0	0	0.000741	0
0	0	0	1.220979	-2.441959	1.569795	0	0	0	0	1.220979	-2.441959	1.569795	0	0	0	-0.174408	0	0	0	0	0	0	0.000626	0	0	0	0	0.000626	0
0	0	0	1.221103	-2.442205	1.569959	0	0	0	0	1.221103	-2.442205	1.569959	0	0	0	-0.174428	0	0	0	0	0	0	0.000523	0	0	0	0	0.000523	0
0	0	0	1.221212	-2.442423	1.570105	0	0	0	0	1.221212	-2.442423	1.570105	0	0	0	-0.174446	0	0	0	0	0	0	0.000432	0	0	0	0	0.000432	0
0	0	0	1.221307	-2.442615	1.570232	0	0	0	0	1.221307	-2.442615	1.570232	0	0	0	-0.174462	0	0	0	0	0	0	0.000352	0	0	0	0	0.000352	0
0	0	0	1.221391	-2.442782	1.570344	0	0	0	0	1.221391	-2.442782	1.570344	0	0	0	-0.174476	0	0	0	0	0	0	0.000283	0	0	0	0	0.000283	0
0	0	0	1.221463	-2.442925	1.570439	0	0	0	0	1.221463	-2.442925	1.570439	0	0	0	-0.174488	0	0	0	0	0	0	0.000223	0	0	0	0	0.000223	0
0	0	0	1.221524	-2.443047	1.57052	0	0	0	0	1.221524	-2.443047	1.57052	0	0	0	-0.174498	0	0	0	0	0	0	0.000172	0	0	0	0	0.000172	0
0	0	0	1.221575	-2.443149	1.570589	0	0	0	0	1.221575	-2.443149	1.570589	0	0	0	-0.174507	0	0	0	0	0	0	0.00013	0	0	0	0	0.00013	0
0	0	0	1.221617	-2.443233	1.570644	0	0	0	0	1.221617	-2.443233	1.570644	0	0	0	-0.174514	0	0	0	0	0	0	0.000095	0	0	0	0	0.000095	0
0	0	0	1.22165	-2.4433	1.570689	0	0	0	0	1.22165	-2.4433	1.570689	0	0	0	-0.17452	0	0	0	0	0	0	0.000067	0	0	0	0	0.000067	0
0	0	0	1.221677	-2.443353	1.570724	0	0	0	0	1.221677	-2.443353	1.570724	0	0	0	-0.174524	0	0	0	0	0	0	0.000045	0	0	0	0	0.000045	0
0	0	0	1.221696	-2.443393	1.570751	0	0	0	0	1.221696	-2.443393	1.570751	0	0	0	-0.174527	0	0	0	0	0	0	0.000028	0	0	0	0	0.000028	0
0	0	0	1.221711	-2.443421	1.57077	0	0	0	0	1.221711	-2.443421	1.57077	0	0	0	-0.17453	0	0	0	0	0	0	0.000016	0	0	0	0	0.000016	0
0	0	0	1.22172	-2.443441	1.570783	0	0	0	0	1.22172	-2.443441	1.570783	0	0	0	-0.174531	0	0	0	0	0	0	0.000008	0	0	0	0	0.000008	0
0	0	0	1.221726	-2.443452	1.570791	0	0	0	0	1.221726	-2.443452	1.570791	0	0	0	-0.174532	0	0	0	0	0	0	0.000004	0	0	0	0	0.000004	0
0	0	0	1.221729	-2.443458	1.570795	0	0	0	0	1.221729	-2.443458	1.570795	0	0	0	-0.174533	0	0	0	0	0	0	0.000001	0	0	0	0	0.000001	0
0	0	0	1.22173	-2.443461	1.570796	0	0	0	0	1.22173	-2.443461	1.570796	0	0	0	-0.174533	0	0	0	0	0	0	0	0	0	0	0	0	0
0	0	0	1.22173	-2.443461	1.570796	0	0	0	0	1.22173	-2.443461	1.570796	0	0	0	-0.174533	0	0	0	0	0	0	0	0	0	0	0	0	0
0	0	0	1.22173	-2.443461	1.570796	0	0	0	0	1.22173	-2.443461	1.570796	0	0	0	-0.174533	0	0	0	0	0	0	0	0	0	0	0	0	0
0	0	0	1.22173	-2.443461	1.570796	0	0	0	0	1.22173	-2.443461	1.570796	0	0	0	-0.174533	0	0	0	0	0	0	0	0	0	0	0	0	0
0	0	0	1.22173	-2.443461	1.570796	0	0	0	0	1.22173	-2.443461	1.570796	0	0	0	-0.174533	0	0	0	0	0	0	0	0	0	0	0	0	0
0	0	0	1.22173	-2.443461	1.570796	0	0	0	0	1.22173	-2.443461	1.570796	0	0	0	-0.174533	0	0	0	0	0	0	0	0	0	0	0	0	0
0	0	0	1.22173	-2.443461	1.570796	0	0	0	0	1.22173	-2.443461	1.570796	0	0	0	-0.174533	0	0	0	0	0	0	0	0	0	0	0	0	0
0	0	0	1.22173	-2.443461	1.570796	0	0	0	0	1.22173	-2.443461	1.570796	0	0	0	-0.174533	0	0	0	0	0	0	0	0	0	0	0	0	0
0	0	0	1.22173	-2.443461	1.570796	0	0	0	0	1.22173	-2.443461	1.570796	0	0	0	-0.174533	0	0	0	0	0	0	0	0	0	0	0	0	0
0	0	0	1.22173	-2.443461	1.570796	0	0	0	0	1.22173	-2.443461	1.570796	0	0	0	-0.174533	0	0	0	0	0	0	0	0	0	0	0	0	0
