-624.067
-783.025
-960.482
-1095.62
-1175.13
-1208.07
-1210.14
-1195.61
-1174.5
-1152.57
-1132.35
-1114.49
-1098.65
-1084.25
-1070.7
-1057.61
-1044.73
-1031.97
-1019.28
-1006.67
-994.178
-981.81
-969.584
-957.508
-945.583
-933.81
-922.187
-910.71
-899.376
-888.185
-877.133
-866.218
-855.439
-844.794
-834.282
-823.9
-813.647
-803.522
-793.523
-783.649
-773.897
-764.267
-754.756
-745.364
-736.089
-726.929
-717.883
-708.949
-700.127
-691.415
-682.811
-674.314
-665.923
-657.636
-649.453
-641.371
-633.39
-625.508
-617.724
-610.037
-602.446
-594.949
-587.545
-580.234
-573.014
-565.883
-558.841
-551.887
-545.019
-538.237
-531.539
-524.925
-518.393
-511.942
-505.571
-499.28
-493.067
-486.931
-480.872
-474.888
-468.978
-463.142
-457.379
-451.687
-446.067
-440.516
-435.034
-429.62
-424.274
-418.994
-413.781
-408.631
-403.546
-398.525
-393.565
-388.668
-383.831
-379.055
-374.338
-369.68
-365.079
-360.536
-356.05
-351.619
-347.244
-342.923
-338.655
-334.441
-330.279
-326.169
-322.11
-318.102
-314.144
-310.234
-306.374
-302.561
-298.796
-295.078
-291.406
-287.78
-284.199
-280.662
-277.17
-273.721
-270.314
-266.951
-263.629
-260.348
-257.108
-253.909
-250.749
-247.629
-244.547
-241.504
-238.499
-235.531
-232.6
-229.706
-226.847
-224.024
-221.237
-218.484
-215.765
-213.08
-210.428
-207.81
-205.224
-202.67
-200.148
-197.657
-195.198
-192.769
-190.37
-188.001
-185.661
-183.351
-181.069
-178.816
-176.591
-174.393
-172.223
-170.08
-167.964
-165.873
-163.809
-161.771
-159.758
-157.77
-155.807
-153.868
-151.953
-150.062
-148.195
-146.351
-144.529
-142.731
-140.955
-139.201
-137.468
-135.758
-134.068
-132.4
-130.752
-129.125
-127.519
-125.932
-124.365
-122.817
-121.289
-119.779
-118.289
-116.817
-115.363
-113.928
-112.51
-111.11
-109.727
-108.362
-107.013
-105.682
-104.367
-103.068
-101.785
-100.519
-99.2678
-98.0325
-96.8126
-95.6078
-94.4181
-93.2431
-92.0828
-90.937
-89.8053
-88.6878
-87.5842
-86.4943
-85.4179
-84.355
-83.3053
-82.2686
-81.2449
-80.2339
-79.2354
-78.2494
-77.2757
-76.3141
-75.3644
-74.4266
-73.5004
-72.5858
-71.6825
-70.7905
-69.9096
-69.0397
-68.1805
-67.3321
-66.4942
-65.6668
-64.8496
-64.0426
-63.2457
-62.4586
-61.6814
-60.9138
-60.1558
-59.4073
-58.668
-57.9379
-57.2169
-56.5049
-55.8018
-55.1074
-54.4216
-53.7444
-53.0756
-52.4152
-51.7629
-51.1188
-50.4826
-49.8544
-49.234
-48.6214
-48.0163
-47.4188
-46.8287
-46.246
-45.6705
-45.1022
-44.5409
-43.9867
-43.4393
-42.8988
-42.3649
-41.8377
-41.3171
-40.803
-40.2952
-39.7938
-39.2986
-38.8095
-38.3266
-37.8497
-37.3787
-36.9135
-36.4542
-36.0005
-35.5525
-35.1101
-34.6732
-34.2418
-33.8156
-33.3948
-32.9793
-32.5689
-32.1636
-31.7634
-31.3681
-30.9777
-30.5923
-30.2116
-29.8356
-29.4643
-29.0977
-28.7356
-28.378
-28.0249
-27.6761
-27.3317
-26.9916
-26.6557
-26.324
-25.9965
-25.673
-25.3535
-25.038
-24.7264
-24.4187
-24.1149
-23.8148
-23.5184
-23.2258
-22.9367
-22.6513
-22.3694
-22.0911
-21.8162
-21.5447
-21.2766
-21.0118
-20.7504
-20.4921
-20.2371
-19.9853
-19.7366
-19.491
-19.2485
-19.0089
-18.7724
-18.5388
-18.3081
-18.0803
-17.8553
-17.6331
-17.4136
-17.197
-16.983
-16.7716
-16.5629
-16.3568
-16.1533
-15.9523
-15.7537
-15.5577
-15.3641
-15.1729
-14.9841
-14.7976
-14.6135
-14.4316
-14.2521
-14.0747
-13.8996
-13.7266
-13.5558
-13.3871
-13.2205
-13.056
-12.8935
-12.7331
-12.5746
-12.4181
-12.2636
-12.111
-11.9603
-11.8115
-11.6645
-11.5193
-11.376
-11.2344
-11.0946
-10.9566
-10.8202
-10.6856
-10.5526
-10.4213
-10.2916
-10.1635
-10.0371
-9.91215
-9.78881
-9.66699
-9.5467
-9.4279
-9.31058
-9.19472
-9.0803
-8.9673
-8.85572
-8.74551
-8.63669
-8.52921
-8.42307
-8.31826
-8.21474
-8.11252
-8.01157
-7.91187
-7.81342
-7.71619
-7.62017
-7.52534
-7.4317
-7.33922
-7.24789
-7.15769
-7.06862
-6.98066
-6.8938
-6.80801
-6.72329
-6.63963
-6.557
-6.47541
-6.39483
-6.31525
-6.23666
-6.15905
-6.08241
-6.00672
-5.93197
-5.85816
-5.78526
-5.71327
-5.64217
-5.57196
-5.50262
-5.43415
-5.36652
-5.29974
-5.23379
-5.16866
-5.10435
-5.04083
-4.9781
-4.91615
-4.85498
-4.79456
-4.7349
-4.67598
-4.61779
-4.56032
-4.50358
-4.44753
-4.39219
-4.33753
-4.28356
-4.23025
-4.17761
-4.12562
-4.07428
-4.02358
-3.97351
-3.92407
-3.87524
-3.82701
-3.77939
-3.73236
-3.68591
-3.64005
-3.59475
-3.55002
-3.50584
-3.46221
-3.41913
-3.37658
-3.33456
-3.29307
-3.25209
-3.21162
-3.17166
-3.13219
-3.09321
-3.05472
-3.01671
-2.97917
-2.94209
-2.90548
-2.86933
-2.83362
-2.79836
-2.76354
-2.72915
-2.69519
-2.66165
-2.62853
-2.59582
-2.56351
-2.53161
-2.50011
-2.469
